
C:\Users\mario.capin\Documents\Visual Studio 2013\Projects\CarND\CarND-Unscented
-Kalman-Filter-Project\Debug>CarND-Unscented-Kalman-Filter-Project.exe "C:\Users
\mario.capin\Documents\Visual Studio 2013\Projects\CarND\CarND-Unscented-Kalman-
Filter-Project\CarND-Unscented-Kalman-Filter-Project\data\obj_pose-laser-radar-s
ynthetic-input.txt" "C:\Users\mario.capin\Documents\Visual Studio 2013\Projects\
CarND\CarND-Unscented-Kalman-Filter-Project\CarND-Unscented-Kalman-Filter-Projec
t\data\output.txt"
UKF:
x =
    0.714343
    0.588512
     7.07429
1.64919e-017
1.52271e-018
P =
     0.635011      0.333406    -0.0123861 -1.85696e-018 -1.09432e-018
     0.333406      0.501558  -0.000261537   2.9397e-018 -4.54988e-018
   -0.0123861  -0.000261537      0.325299 -2.26951e-018 -1.15928e-018
-1.85696e-018   2.9397e-018 -2.26951e-018        1.0025     0.0500625
-1.09432e-018 -4.54988e-018 -1.15928e-018     0.0500625        1.0025
x =
    1.16102
   0.493478
    7.07668
 -0.0688151
-0.00828624
P =
   0.0214949  0.000621149  0.000183289  -0.00344561 -0.000414897
 0.000621149    0.0211778 -0.000124176    0.0073347  0.000883194
 0.000183289 -0.000124176     0.327765  0.000688825 8.29436e-005
 -0.00344561    0.0073347  0.000688825     0.969329    0.0953508
-0.000414897  0.000883194 8.29436e-005    0.0953508      1.00441
x =
  1.27665
 0.513682
  7.07176
 0.192032
0.0388485
P =
   0.0167162    0.0052835  -0.00125623   -0.0129328  -0.00330709
   0.0052835    0.0046005  -0.00111321    -0.014755 -0.000479275
 -0.00125623  -0.00111321     0.323619   -0.0210051  -0.00396658
  -0.0129328    -0.014755   -0.0210051     0.325229     0.043437
 -0.00330709 -0.000479275  -0.00396658     0.043437     0.990879
x =
  1.61358
 0.594653
  7.09102
 0.245144
0.0531429
P =
  0.0122444  -0.0005604  0.00717994   -0.012804 -0.00292405
 -0.0005604   0.0108621 -0.00236989   0.0396654   0.0101393
 0.00717994 -0.00236989    0.320435 -0.00263351 0.000531463
  -0.012804   0.0396654 -0.00263351    0.175694    0.053577
-0.00292405   0.0101393 0.000531463    0.053577    0.983407
x =
  1.82135
 0.569772
  6.33588
 0.093607
-0.057697
P =
   0.0103014   0.00199677 -0.000867587 -0.000497463  -0.00116904
  0.00199677   0.00412003  0.000822758   0.00655278   0.00252955
-0.000867587  0.000822758     0.155891   0.00323353  -0.00987152
-0.000497463   0.00655278   0.00323353    0.0165981     0.042093
 -0.00116904   0.00252955  -0.00987152     0.042093     0.962871
x =
   2.15299
  0.616067
   6.35043
  0.108325
-0.0296255
P =
 0.00719574 0.000741732  0.00459033 -0.00113603  -0.0032002
0.000741732  0.00696333  0.00148772  0.00918312   0.0161762
 0.00459033  0.00148772    0.156825  0.00207359  -0.0106793
-0.00113603  0.00918312  0.00207359   0.0177564    0.080627
 -0.0032002   0.0161762  -0.0106793    0.080627    0.948143
x =
  2.36901
 0.643373
  5.59345
0.0896503
-0.214076
P =
  0.00679923   0.00099083   0.00445654 -0.000855426  -0.00523087
  0.00099083   0.00449473  -0.00085273   0.00485207    0.0122521
  0.00445654  -0.00085273     0.062162  -0.00553045   -0.0501169
-0.000855426   0.00485207  -0.00553045    0.0123131    0.0827152
 -0.00523087    0.0122521   -0.0501169    0.0827152      0.81682
x =
   2.6478
 0.666364
  5.59607
0.0781087
-0.218121
P =
 0.00561012 0.000208377  0.00585694 -0.00157977 -0.00797424
0.000208377  0.00623536 -0.00185964   0.0078517   0.0294162
 0.00585694 -0.00185964   0.0624345 -0.00662762  -0.0441293
-0.00157977   0.0078517 -0.00662762   0.0187083    0.108753
-0.00797424   0.0294162  -0.0441293    0.108753      0.7627
x =
  2.91489
 0.656243
  5.51176
0.0204214
-0.418894
P =
 0.00549568 0.000282558  0.00536107 -0.00161766 -0.00808649
0.000282558  0.00504502 -0.00190033  0.00632958   0.0235485
 0.00536107 -0.00190033   0.0412803 -0.00760374  -0.0443378
-0.00161766  0.00632958 -0.00760374   0.0167866   0.0899124
-0.00808649   0.0235485  -0.0443378   0.0899124    0.542806
x =
   3.15008
  0.653641
   5.46891
0.00482067
 -0.392419
P =
  0.00483123 -0.000246561   0.00584805  -0.00186475  -0.00772263
-0.000246561   0.00712636   -0.0028366    0.0096182    0.0352816
  0.00584805   -0.0028366    0.0412906  -0.00737237   -0.0350627
 -0.00186475    0.0096182  -0.00737237    0.0208882    0.0940947
 -0.00772263    0.0352816   -0.0350627    0.0940947     0.460448
x =
  3.43791
 0.545875
  5.50532
-0.158333
-0.877824
P =
 0.00480698 -0.00017776  0.00545112 -0.00166013 -0.00630855
-0.00017776  0.00612599 -0.00290719  0.00765937   0.0252412
 0.00545112 -0.00290719    0.032044 -0.00735559  -0.0313459
-0.00166013  0.00765937 -0.00735559    0.016004   0.0647474
-0.00630855   0.0252412  -0.0313459   0.0647474    0.284477
x =
  3.74289
 0.430718
  5.57865
-0.289078
  -1.1436
P =
  0.00426049 -0.000165335   0.00537916 -0.000999323  -0.00315646
-0.000165335   0.00785366  -0.00346464    0.0095593    0.0291519
  0.00537916  -0.00346464    0.0321147  -0.00633265   -0.0234144
-0.000999323    0.0095593  -0.00633265    0.0168851    0.0597955
 -0.00315646    0.0291519   -0.0234144    0.0597955     0.228287
x =
  4.02237
 0.516832
  5.54096
-0.143213
-0.569823
P =
   0.00428266 -7.33904e-005    0.00521605  -0.000680379   -0.00197197
-7.33904e-005    0.00636717   -0.00447106    0.00649633     0.0171068
   0.00521605   -0.00447106     0.0297073   -0.00725961    -0.0244472
 -0.000680379    0.00649633   -0.00725961     0.0103298     0.0331046
  -0.00197197     0.0171068    -0.0244472     0.0331046      0.118982
x =
  4.29639
 0.508036
  5.52315
-0.137759
-0.485736
P =
  0.00395617 -0.000111813   0.00524057 -0.000466159  -0.00118742
-0.000111813    0.0074457  -0.00455637   0.00732028    0.0181378
  0.00524057  -0.00455637    0.0293279  -0.00611834   -0.0185815
-0.000466159   0.00732028  -0.00611834    0.0103651    0.0302594
 -0.00118742    0.0181378   -0.0185815    0.0302594    0.0995346
x =
  4.55616
  0.54448
  5.43436
-0.095473
 -0.33767
P =
  0.00400525  -0.00014807   0.00493085 -0.000474918  -0.00120273
 -0.00014807   0.00746717   -0.0045657   0.00683002    0.0156959
  0.00493085   -0.0045657    0.0252022   -0.0057496   -0.0161973
-0.000474918   0.00683002   -0.0057496   0.00889952    0.0241509
 -0.00120273    0.0156959   -0.0161973    0.0241509    0.0757524
x =
   4.74262
  0.654275
    5.2596
 0.0121538
-0.0676054
P =
  0.00376516  -0.00018431   0.00500283  -0.00037462 -0.000869089
 -0.00018431   0.00788658  -0.00408013   0.00685065    0.0147893
  0.00500283  -0.00408013    0.0251993  -0.00452234   -0.0117833
 -0.00037462   0.00685065  -0.00452234   0.00828267    0.0210419
-0.000869089    0.0147893   -0.0117833    0.0210419    0.0632257
x =
   4.99469
  0.652771
   5.19216
0.00276144
 -0.081466
P =
   0.0038253 -0.000219306   0.00467184 -0.000425336 -0.000976834
-0.000219306   0.00802056  -0.00325634   0.00663616    0.0134826
  0.00467184  -0.00325634    0.0211151  -0.00351602  -0.00862288
-0.000425336   0.00663616  -0.00351602   0.00759186    0.0182557
-0.000976834    0.0134826  -0.00862288    0.0182557    0.0534988
x =
   5.29623
  0.647675
   5.24936
-0.0077153
-0.0949391
P =
  0.00363868 -0.000296574   0.00479787 -0.000435437 -0.000935488
-0.000296574   0.00790326  -0.00266188   0.00624779    0.0120154
  0.00479787  -0.00266188    0.0218811  -0.00266309  -0.00612819
-0.000435437   0.00624779  -0.00266309   0.00686174     0.015815
-0.000935488    0.0120154  -0.00612819     0.015815    0.0460345
x =
    5.55448
   0.654865
    5.27611
-0.00248988
  -0.074179
P =
  0.00371151 -0.000335746   0.00453332  -0.00046431 -0.000974324
-0.000335746   0.00834038  -0.00244639   0.00629907    0.0115459
  0.00453332  -0.00244639    0.0192221  -0.00238647  -0.00524698
 -0.00046431   0.00629907  -0.00238647   0.00652407    0.0144288
-0.000974324    0.0115459  -0.00524698    0.0144288    0.0416169
x =
   5.84873
  0.670014
   5.31354
0.00416017
-0.0567594
P =
  0.00354217 -0.000332143   0.00463338 -0.000404278 -0.000794913
-0.000332143    0.0079489  -0.00193128      0.00574    0.0100804
  0.00463338  -0.00193128    0.0203112  -0.00175485  -0.00365606
-0.000404278      0.00574  -0.00175485   0.00579317    0.0125667
-0.000794913    0.0100804  -0.00365606    0.0125667    0.0370781
x =
   6.09207
  0.594254
   5.24674
-0.0535914
 -0.153165
P =
  0.00362362 -0.000385236   0.00440761 -0.000440388 -0.000851716
-0.000385236    0.0086305  -0.00187029   0.00598756    0.0101594
  0.00440761  -0.00187029    0.0181593  -0.00167058  -0.00338713
-0.000440388   0.00598756  -0.00167058   0.00570823    0.0120321
-0.000851716    0.0101594  -0.00338713    0.0120321    0.0353857
x =
    6.34685
    0.71011
     5.2204
  0.0262509
-0.00931699
P =
  0.00346008  -0.00028324   0.00449719 -0.000297592  -0.00052819
 -0.00028324   0.00796211  -0.00147331    0.0053171   0.00874003
  0.00449719  -0.00147331    0.0194338   -0.0012057  -0.00233531
-0.000297592    0.0053171   -0.0012057   0.00504833    0.0106526
 -0.00052819   0.00874003  -0.00233531    0.0106526    0.0326056
x =
  6.59739
 0.741657
  5.18121
0.0411375
0.0140304
P =
   0.0035473 -0.000346299   0.00429419 -0.000350589  -0.00063128
-0.000346299   0.00874733  -0.00140432   0.00567682   0.00913011
  0.00429419  -0.00140432    0.0175184  -0.00116247   -0.0022298
-0.000350589   0.00567682  -0.00116247   0.00514754    0.0106506
 -0.00063128   0.00913011   -0.0022298    0.0106506    0.0323621
x =
   6.84493
  0.739954
   5.16851
 0.0344189
0.00252391
P =
  0.00341223 -0.000327366   0.00442495 -0.000320647 -0.000558017
-0.000327366   0.00789119  -0.00101459   0.00497655   0.00783371
  0.00442495  -0.00101459    0.0189112 -0.000827595  -0.00151475
-0.000320647   0.00497655 -0.000827595   0.00459001   0.00964604
-0.000558017   0.00783371  -0.00151475   0.00964604    0.0306332
x =
    7.0887
   0.72134
   5.08785
 0.0155752
-0.0307223
P =
  0.00350448 -0.000398413   0.00423866  -0.00037589 -0.000659063
-0.000398413   0.00879787  -0.00101708   0.00544626    0.0084841
  0.00423866  -0.00101708    0.0171592   -0.0008517  -0.00157993
 -0.00037589   0.00544626   -0.0008517   0.00482401   0.00997371
-0.000659063    0.0084841  -0.00157993   0.00997371    0.0311443
x =
  7.30832
 0.808735
   5.0405
0.0657892
0.0491807
P =
  0.00337244 -0.000322914   0.00437091 -0.000300213 -0.000500627
-0.000322914   0.00782488 -0.000728037   0.00475018    0.0073016
  0.00437091 -0.000728037    0.0186166 -0.000602176  -0.00106597
-0.000300213   0.00475018 -0.000602176   0.00435465   0.00921597
-0.000500627    0.0073016  -0.00106597   0.00921597    0.0299885
x =
  7.59982
 0.819712
   5.1471
0.0645989
0.0450632
P =
  0.00346861 -0.000405259   0.00418857 -0.000369389 -0.000627608
-0.000405259   0.00880373 -0.000659195   0.00530518    0.0081359
  0.00418857 -0.000659195    0.0169275 -0.000579869  -0.00103449
-0.000369389   0.00530518 -0.000579869   0.00469822   0.00977232
-0.000627608    0.0081359  -0.00103449   0.00977232    0.0309417
x =
   7.85028
  0.796625
    5.1395
 0.0434059
0.00945538
P =
  0.00334888 -0.000357533   0.00433377 -0.000333431 -0.000557362
-0.000357533   0.00780302 -0.000412062   0.00463673    0.0070638
  0.00433377 -0.000412062    0.0184302 -0.000400335 -0.000670967
-0.000333431   0.00463673 -0.000400335   0.00428113   0.00913635
-0.000557362    0.0070638 -0.000670967   0.00913635    0.0300188
x =
   8.10042
  0.813235
   5.08394
 0.0456695
0.00949539
P =
  0.00344823 -0.000450716    0.0041681 -0.000401087 -0.000676033
-0.000450716   0.00897878 -0.000510274   0.00531916    0.0081334
   0.0041681 -0.000510274    0.0168237 -0.000501875 -0.000910974
-0.000401087   0.00531916 -0.000501875   0.00470411   0.00982618
-0.000676033    0.0081334 -0.000910974   0.00982618    0.0311685
x =
   8.3378
 0.831965
  5.06345
0.0508866
0.0168879
P =
  0.00332924 -0.000363965   0.00431597 -0.000333128 -0.000544975
-0.000363965   0.00786476 -0.000309483   0.00461812   0.00702344
  0.00431597 -0.000309483    0.0183416 -0.000348686 -0.000600073
-0.000333128   0.00461812 -0.000348686    0.0042985   0.00921405
-0.000544975   0.00702344 -0.000600073   0.00921405    0.0302709
x =
  8.60512
 0.927354
  5.15234
 0.101522
0.0960081
P =
  0.00343081 -0.000465704   0.00415258 -0.000407552 -0.000674396
-0.000465704   0.00913497 -0.000398737   0.00537979   0.00822313
  0.00415258 -0.000398737    0.0167577 -0.000439082 -0.000803768
-0.000407552   0.00537979 -0.000439082   0.00479009    0.0100109
-0.000674396   0.00822313 -0.000803768    0.0100109    0.0315701
x =
   8.842
0.989561
 5.12968
0.127862
 0.12908
P =
   0.0033229 -0.000417975   0.00430517 -0.000389281 -0.000650553
-0.000417975   0.00795657 -0.000179546   0.00465216   0.00707883
  0.00430517 -0.000179546    0.0182861 -0.000304215 -0.000524308
-0.000389281   0.00465216 -0.000304215   0.00436926   0.00936419
-0.000650553   0.00707883 -0.000524308   0.00936419    0.0305865
x =
  9.1305
 1.03019
  5.1884
0.136599
 0.13165
P =
   0.0034305 -0.000554787   0.00411795 -0.000494338 -0.000821427
-0.000554787   0.00937585 3.81495e-005   0.00550824   0.00843056
  0.00411795 3.81495e-005    0.0166902 -0.000138621 -0.000166063
-0.000494338   0.00550824 -0.000138621   0.00491341    0.0102331
-0.000821427   0.00843056 -0.000166063    0.0102331    0.0319744
x =
 9.36771
 1.06298
  5.1634
0.142356
0.130828
P =
    0.0033259    -0.0004958    0.00427337  -0.000475672  -0.000798712
   -0.0004958    0.00809044   0.000191142    0.00471933    0.00718243
   0.00427337   0.000191142     0.0182373 -6.74143e-005 -2.84001e-005
 -0.000475672    0.00471933 -6.74143e-005    0.00445133    0.00950717
 -0.000798712    0.00718243 -2.84001e-005    0.00950717     0.0308372
x =
 9.64542
 1.14206
 5.21735
0.171444
0.164352
P =
  0.00343838 -0.000657864   0.00408181 -0.000591161 -0.000974486
-0.000657864   0.00965496  0.000419528   0.00566182   0.00866352
  0.00408181  0.000419528    0.0166724  0.000107713  0.000322466
-0.000591161   0.00566182  0.000107713   0.00503894    0.0104315
-0.000974486   0.00866352  0.000322466    0.0104315    0.0322888
x =
 9.91662
 1.27833
  5.2509
   0.231
0.241775
P =
  0.00333624  -0.00058422    0.0042393 -0.000569803  -0.00095245
 -0.00058422   0.00823829  0.000512224   0.00479265   0.00728073
   0.0042393  0.000512224    0.0182243  0.000120554  0.000336619
-0.000569803   0.00479265  0.000120554   0.00452314   0.00961168
 -0.00095245   0.00728073  0.000336619   0.00961168    0.0309902
x =
 10.1632
 1.38342
 5.19957
0.272162
0.291004
P =
  0.00345772 -0.000788479   0.00399976 -0.000715329  -0.00116236
-0.000788479   0.00989687   0.00112183   0.00576424   0.00877213
  0.00399976   0.00112183    0.0167668  0.000599369   0.00131548
-0.000715329   0.00576424  0.000599369   0.00509742    0.0104774
 -0.00116236   0.00877213   0.00131548    0.0104774    0.0322781
x =
 10.3878
 1.46181
 5.16969
0.292958
0.301343
P =
  0.00336838 -0.000736231   0.00414871 -0.000739792  -0.00124246
-0.000736231   0.00831775   0.00112017   0.00480812   0.00725165
  0.00414871   0.00112017     0.018302  0.000497343   0.00108954
-0.000739792   0.00480812  0.000497343   0.00454608   0.00961145
 -0.00124246   0.00725165   0.00108954   0.00961145    0.0309329
x =
 10.6173
 1.56409
 5.09208
0.330599
0.344833
P =
  0.00349938 -0.000971144   0.00386505  -0.00089828  -0.00144546
-0.000971144   0.00996842   0.00192327   0.00576382   0.00868026
  0.00386505   0.00192327    0.0170019   0.00112395   0.00233139
 -0.00089828   0.00576382   0.00112395   0.00510444    0.0104258
 -0.00144546   0.00868026   0.00233139    0.0104258     0.032092
x =
 10.8453
 1.58127
 5.05429
0.311349
0.291209
P =
  0.00340921 -0.000874053    0.0040221 -0.000902968  -0.00149669
-0.000874053   0.00829271   0.00176391   0.00476786   0.00711503
   0.0040221   0.00176391    0.0184784  0.000894494    0.0018457
-0.000902968   0.00476786  0.000894494   0.00455358   0.00958361
 -0.00149669   0.00711503    0.0018457   0.00958361    0.0308322
x =
 11.1109
 1.63335
 5.09681
0.305454
0.256855
P =
 0.00354763 -0.00113498  0.00372401  -0.0010676 -0.00168895
-0.00113498  0.00997834  0.00254465  0.00576079  0.00860283
 0.00372401  0.00254465   0.0172376  0.00150166  0.00299895
 -0.0010676  0.00576079  0.00150166  0.00514858   0.0104599
-0.00168895  0.00860283  0.00299895   0.0104599   0.0321028
x =
 11.3926
 1.66583
 5.12822
0.287552
0.210004
P =
  0.00343352 -0.000943774   0.00393116 -0.000984047  -0.00157928
-0.000943774    0.0083106   0.00221145   0.00476706    0.0070714
  0.00393116   0.00221145    0.0186394   0.00116774   0.00230498
-0.000984047   0.00476706   0.00116774   0.00458577   0.00961148
 -0.00157928    0.0070714   0.00230498   0.00961148    0.0308576
x =
 11.6237
 1.72671
  5.0829
0.294324
0.207534
P =
 0.00357906 -0.00124308  0.00365274 -0.00116121 -0.00179297
-0.00124308   0.0101751  0.00284171  0.00587876  0.00877461
 0.00365274  0.00284171   0.0173133  0.00164509   0.0031641
-0.00116121  0.00587876  0.00164509  0.00525012   0.0106146
-0.00179297  0.00877461   0.0031641   0.0106146   0.0323685
x =
 11.8549
 1.78459
 5.06191
0.296744
0.196062
P =
  0.00344844 -0.000992339   0.00388982  -0.00102788  -0.00160428
-0.000992339   0.00841254     0.002406   0.00482377   0.00714591
  0.00388982     0.002406    0.0186732    0.0012475   0.00235674
 -0.00102788   0.00482377    0.0012475   0.00464379    0.0096968
 -0.00160428   0.00714591   0.00235674    0.0096968    0.0310097
x =
 12.1094
 1.87827
 5.12172
0.312305
0.199802
P =
 0.00359793 -0.00130699  0.00360656 -0.00121307 -0.00183049
-0.00130699    0.010321  0.00304259   0.0059655  0.00887908
 0.00360656  0.00304259   0.0173626  0.00173335  0.00324075
-0.00121307   0.0059655  0.00173335  0.00533098   0.0107269
-0.00183049  0.00887908  0.00324075   0.0107269   0.0325441
x =
 12.3555
 1.89354
 5.09692
0.285981
0.146244
P =
 0.00346616 -0.00104366  0.00385093  -0.0010767 -0.00165396
-0.00104366  0.00848987  0.00255038  0.00486356  0.00718413
 0.00385093  0.00255038   0.0186913  0.00128795  0.00235575
 -0.0010767  0.00486356  0.00128795  0.00468899  0.00975645
-0.00165396  0.00718413  0.00235575  0.00975645   0.0311074
x =
 12.6119
 1.95105
  5.1403
0.280469
0.122845
P =
 0.00362157 -0.00138602  0.00357891 -0.00127382 -0.00190025
-0.00138602   0.0105067  0.00311253  0.00607227  0.00902682
 0.00357891  0.00311253   0.0173312  0.00171745  0.00313051
-0.00127382  0.00607227  0.00171745  0.00541282   0.0108467
-0.00190025  0.00902682  0.00313051   0.0108467   0.0327438
x =
 12.8098
 2.09354
 5.11218
0.332654
0.191143
P =
 0.00346912 -0.00106175  0.00385184 -0.00108103 -0.00162591
-0.00106175  0.00859771  0.00256106  0.00491859  0.00725694
 0.00385184  0.00256106   0.0186539  0.00124894  0.00221429
-0.00108103  0.00491859  0.00124894  0.00472875   0.0098113
-0.00162591  0.00725694  0.00221429   0.0098113   0.0312048
x =
 13.0755
 2.20214
 5.20536
0.346607
0.188678
P =
 0.00363027 -0.00141913  0.00353178 -0.00129042 -0.00189004
-0.00141913   0.0106337  0.00334615  0.00611169  0.00903607
 0.00353178  0.00334615   0.0174471  0.00185547  0.00336362
-0.00129042  0.00611169  0.00185547  0.00541966   0.0108155
-0.00189004  0.00903607  0.00336362   0.0108155    0.032634
x =
 13.2772
  2.3476
 5.18058
0.393142
0.243608
P =
 0.00349826 -0.00113496   0.0037857 -0.00115374 -0.00174053
-0.00113496  0.00864313  0.00276295  0.00491175  0.00720718
  0.0037857  0.00276295   0.0187262   0.0013372  0.00236532
-0.00115374  0.00491175   0.0013372  0.00471527  0.00976322
-0.00174053  0.00720718  0.00236532  0.00976322   0.0310982
x =
  13.453
 2.51305
 5.07988
0.459134
0.336844
P =
 0.00366927 -0.00151659  0.00340036 -0.00137329  -0.0020032
-0.00151659   0.0106641  0.00380848  0.00605147  0.00885884
 0.00340036  0.00380848   0.0177416  0.00213935  0.00389869
-0.00137329  0.00605147  0.00213935  0.00533341   0.0106097
 -0.0020032  0.00885884  0.00389869   0.0106097   0.0321908
x =
  13.704
 2.61755
 5.10482
0.466356
0.322159
P =
  0.0035593 -0.00125971  0.00362573 -0.00130227 -0.00199375
-0.00125971  0.00854802  0.00316322   0.0048087  0.00697322
 0.00362573  0.00316322   0.0189319  0.00155212  0.00278312
-0.00130227   0.0048087  0.00155212   0.0046589  0.00963636
-0.00199375  0.00697322  0.00278312  0.00963636   0.0308401
x =
 13.9223
 2.73754
 5.08917
0.487415
0.331944
P =
 0.00373804 -0.00164673  0.00316649 -0.00151517 -0.00220903
-0.00164673   0.0104246  0.00443223  0.00582957  0.00838745
 0.00316649  0.00443223   0.0182512  0.00252517  0.00462689
-0.00151517  0.00582957  0.00252517  0.00517928   0.0102807
-0.00220903  0.00838745  0.00462689   0.0102807   0.0315159
x =
 14.1508
  2.8857
 5.11273
0.517259
0.350539
P =
 0.00361378 -0.00134532  0.00343717 -0.00141356 -0.00215149
-0.00134532  0.00840172  0.00365787  0.00466134  0.00667334
 0.00343717  0.00365787   0.0192937  0.00185306   0.0033545
-0.00141356  0.00466134  0.00185306  0.00456241   0.0094363
-0.00215149  0.00667334   0.0033545   0.0094363   0.0304426
x =
 14.4025
 2.98997
  5.1763
0.506747
0.294738
P =
 0.00380215 -0.00174986  0.00292446 -0.00162563 -0.00234313
-0.00174986   0.0102237  0.00503998  0.00562879  0.00799006
 0.00292446  0.00503998   0.0188395  0.00289382  0.00529126
-0.00162563  0.00562879  0.00289382  0.00502844  0.00997465
-0.00234313  0.00799006  0.00529126  0.00997465   0.0309101
x =
 14.6134
  3.0501
 5.11384
0.490269
 0.25136
P =
 0.00366337 -0.00141489  0.00324836 -0.00149715 -0.00225076
-0.00141489  0.00829859  0.00413613   0.0045317  0.00643185
 0.00324836  0.00413613   0.0197045  0.00213416  0.00385667
-0.00149715   0.0045317  0.00213416  0.00445556  0.00922885
-0.00225076  0.00643185  0.00385667  0.00922885   0.0300498
x =
 14.8433
 3.20568
 5.17588
0.513525
0.257379
P =
 0.00386893 -0.00187586  0.00276457 -0.00174098 -0.00250403
-0.00187586   0.0102545  0.00534582  0.00562882  0.00802988
 0.00276457  0.00534582   0.0190331  0.00303544  0.00548727
-0.00174098  0.00562882  0.00303544  0.00504203    0.010028
-0.00250403  0.00802988  0.00548727    0.010028   0.0310731
x =
  15.049
 3.40048
 5.20354
0.563943
0.311091
P =
 0.00370839 -0.00148858  0.00313673 -0.00157395 -0.00235167
-0.00148858  0.00830321  0.00435285    0.004518   0.0064388
 0.00313673  0.00435285    0.019813  0.00221907  0.00394843
-0.00157395    0.004518  0.00221907  0.00446126   0.0092625
-0.00235167   0.0064388  0.00394843   0.0092625   0.0301612
x =
 15.2571
  3.5757
 5.19687
0.604293
0.355004
P =
 0.00392227 -0.00195506  0.00256066 -0.00180538 -0.00255619
-0.00195506   0.0101784  0.00581034  0.00550021  0.00777959
 0.00256066  0.00581034   0.0195356  0.00328739   0.0059111
-0.00180538  0.00550021  0.00328739  0.00491161  0.00976113
-0.00255619  0.00777959   0.0059111  0.00976113   0.0305203
x =
 15.4708
 3.75915
 5.22593
0.638323
0.377662
P =
 0.00378249 -0.00158506  0.00291227 -0.00168577 -0.00251647
-0.00158506  0.00819636  0.00474009  0.00438955  0.00619862
 0.00291227  0.00474009   0.0201575  0.00240793  0.00426932
-0.00168577  0.00438955  0.00240793  0.00436404  0.00907212
-0.00251647  0.00619862  0.00426932  0.00907212   0.0297807
x =
 15.6828
 3.89405
  5.2122
0.645155
0.360452
P =
 0.00400078 -0.00204324   0.0022586 -0.00189068 -0.00263886
-0.00204324  0.00993025  0.00634946  0.00523051  0.00725725
  0.0022586  0.00634946   0.0202618  0.00356056   0.0063742
-0.00189068  0.00523051  0.00356056  0.00467825  0.00929271
-0.00263886  0.00725725   0.0063742  0.00929271   0.0295689
x =
 15.9079
 4.02755
 5.21081
0.646672
0.336898
P =
 0.00384736 -0.00164521  0.00265876 -0.00176105 -0.00259978
-0.00164521  0.00802765  0.00518233  0.00419268  0.00583376
 0.00265876  0.00518233   0.0206741  0.00262873  0.00465093
-0.00176105  0.00419268  0.00262873  0.00419721  0.00874819
-0.00259978  0.00583376  0.00465093  0.00874819   0.0291408
x =
 16.1006
 4.19839
 5.17137
0.682754
0.381087
P =
 0.00408367 -0.00214524  0.00199755 -0.00198722 -0.00275842
-0.00214524  0.00980223  0.00673302  0.00508804   0.0070353
 0.00199755  0.00673302   0.0207268  0.00373057  0.00663844
-0.00198722  0.00508804  0.00373057  0.00457206  0.00911524
-0.00275842   0.0070353  0.00663844  0.00911524   0.0292644
x =
 16.2984
  4.3895
 5.19483
0.713983
0.397753
P =
 0.00391359 -0.00171087  0.00244133 -0.00184408  -0.0027094
-0.00171087  0.00791617  0.00548681  0.00407521  0.00565141
 0.00244133  0.00548681   0.0209867  0.00275633  0.00484196
-0.00184408  0.00407521  0.00275633  0.00412626  0.00863583
 -0.0027094  0.00565141  0.00484196  0.00863583   0.0289559
x =
 16.5091
 4.55337
 5.21168
 0.72315
0.378016
P =
 0.00415011 -0.00219353  0.00171978 -0.00204083 -0.00278634
-0.00219353  0.00955938   0.0071307  0.00484877  0.00660763
 0.00171978   0.0071307   0.0213773  0.00390235  0.00690216
-0.00204083  0.00484877  0.00390235   0.0043869  0.00876024
-0.00278634  0.00660763  0.00690216  0.00876024    0.028555
x =
  16.689
 4.71643
  5.1881
0.741007
0.377266
P =
 0.00397435 -0.00175151  0.00219874 -0.00190289 -0.00276658
-0.00175151  0.00775859  0.00582696  0.00390342  0.00535514
 0.00219874  0.00582696   0.0214502  0.00289915  0.00506523
-0.00190289  0.00390342  0.00289915  0.00399649  0.00839283
-0.00276658  0.00535514  0.00506523  0.00839283   0.0284775
x =
 16.8353
 4.92461
 5.11479
0.807349
0.480756
P =
 0.00422504 -0.00225777  0.00145283 -0.00210694 -0.00284978
-0.00225777  0.00938816  0.00745874  0.00467761  0.00633672
 0.00145283  0.00745874   0.0218928  0.00402806  0.00708325
-0.00210694  0.00467761  0.00402806   0.0042627  0.00854061
-0.00284978  0.00633672  0.00708325  0.00854061   0.0281401
x =
 16.9988
 5.14593
  5.1407
0.849229
0.505129
P =
 0.00405408 -0.00180608  0.00191966 -0.00199479 -0.00289463
-0.00180608  0.00758243  0.00610753  0.00374532  0.00509275
 0.00191966  0.00610753   0.0218159  0.00300734  0.00522553
-0.00199479  0.00374532  0.00300734   0.0039195  0.00825988
-0.00289463  0.00509275  0.00522553  0.00825988   0.0282251
x =
 17.1677
 5.32122
 5.11476
0.868896
0.503088
P =
 0.00428329 -0.00224214  0.00111176 -0.00212153 -0.00278866
-0.00224214  0.00896294  0.00781532  0.00428923  0.00560942
 0.00111176  0.00781532   0.0228019  0.00413451  0.00720308
-0.00212153  0.00428923  0.00413451  0.00397064  0.00795367
-0.00278866  0.00560942  0.00720308  0.00795367   0.0269243
x =
 17.3291
 5.49461
 5.08811
0.884945
0.491433
P =
 0.00411398 -0.00180176  0.00159388 -0.00203262 -0.00289822
-0.00180176  0.00730453  0.00645907  0.00346537  0.00458054
 0.00159388  0.00645907   0.0225186  0.00313299  0.00541286
-0.00203262  0.00346537  0.00313299  0.00371604  0.00785505
-0.00289822  0.00458054  0.00541286  0.00785505   0.0273919
x =
 17.4838
 5.66974
 5.04654
0.907062
 0.49835
P =
 0.00435598 -0.00225774 0.000769501 -0.00216657 -0.00280402
-0.00225774  0.00866122  0.00812508  0.00402071  0.00517092
0.000769501  0.00812508   0.0235449  0.00422421  0.00731152
-0.00216657  0.00402071  0.00422421  0.00379254  0.00762977
-0.00280402  0.00517092  0.00731152  0.00762977   0.0263064
x =
 17.6835
 5.78073
  4.9816
0.882601
0.432519
P =
 0.00416778 -0.00180188  0.00130223 -0.00207363 -0.00291943
-0.00180188  0.00710327  0.00674525  0.00326834  0.00426321
 0.00130223  0.00674525   0.0230753  0.00322744  0.00554057
-0.00207363  0.00326834  0.00322744  0.00359616   0.0076393
-0.00291943  0.00426321  0.00554057   0.0076393   0.0269811
x =
 17.8231
 5.98491
 4.95667
0.923755
0.477175
P =
 0.00443583 -0.00230601 0.000482165 -0.00224877 -0.00291435
-0.00230601  0.00850295  0.00834137  0.00391348  0.00507821
0.000482165  0.00834137    0.023928  0.00430807   0.0074329
-0.00224877  0.00391348  0.00430807  0.00377615  0.00764498
-0.00291435  0.00507821   0.0074329  0.00764498   0.0263942
x =
 18.0002
 6.16699
  4.9598
0.930707
0.453632
P =
 0.00422093 -0.00182314  0.00108153  -0.0021373 -0.00299908
-0.00182314  0.00699685  0.00692629  0.00319076   0.0041924
 0.00108153  0.00692629   0.0233296  0.00329133  0.00561149
 -0.0021373  0.00319076  0.00329133  0.00360203  0.00767864
-0.00299908   0.0041924  0.00561149  0.00767864   0.0270854
x =
 18.1487
 6.37734
 4.97756
0.954468
0.452203
P =
 0.00449043 -0.00232027  0.00022826 -0.00229127 -0.00293431
-0.00232027  0.00833745  0.00854037  0.00378045  0.00488947
 0.00022826  0.00854037   0.0243794  0.00436591  0.00747397
-0.00229127  0.00378045  0.00436591  0.00371389  0.00752461
-0.00293431  0.00488947  0.00747397  0.00752461   0.0261259
x =
 18.2694
 6.61212
 4.99991
0.995141
0.476447
P =
 0.00427362 -0.00183859 0.000857012 -0.00218545 -0.00304068
-0.00183859  0.00688904  0.00710441  0.00309009  0.00404813
0.000857012  0.00710441   0.0236462  0.00333621  0.00563566
-0.00218545  0.00309009  0.00333621  0.00356068  0.00759418
-0.00304068  0.00404813  0.00563566  0.00759418   0.0268891
x =
 18.3995
 6.82978
 5.00234
 1.02445
0.487353
P =
   0.00453798   -0.00231458 -3.57858e-005   -0.00229855   -0.00287462
  -0.00231458    0.00814314    0.00873723    0.00358268    0.00454542
-3.57858e-005    0.00873723     0.0249541    0.00437456    0.00740004
  -0.00229855    0.00358268    0.00437456    0.00356077    0.00720294
  -0.00287462    0.00454542    0.00740004    0.00720294     0.0254297
x =
 18.5527
 6.95827
 4.91054
 1.01035
0.437798
P =
 0.00433525 -0.00184351 0.000573155 -0.00221999 -0.00304976
-0.00184351  0.00673345  0.00728935  0.00291779    0.003748
0.000573155  0.00728935   0.0240796  0.00335575  0.00561298
-0.00221999  0.00291779  0.00335575  0.00344078  0.00734561
-0.00304976    0.003748  0.00561298  0.00734561   0.0263609
x =
18.7042
7.16259
 4.9385
1.01208
0.39315
P =
  0.00462099  -0.00234957 -0.000327398  -0.00235848  -0.00293839
 -0.00234957   0.00798884   0.00887778   0.00345016   0.00436355
-0.000327398   0.00887778    0.0253091   0.00438893   0.00738306
 -0.00235848   0.00345016   0.00438893   0.00349886   0.00709863
 -0.00293839   0.00436355   0.00738306   0.00709863    0.0252454
x =
 18.9087
 7.29135
 4.88142
0.976801
0.320192
P =
 0.00437451 -0.00184837 0.000389086 -0.00224627 -0.00305659
-0.00184837  0.00664894  0.00741705  0.00282943  0.00363689
0.000389086  0.00741705   0.0243259  0.00336569  0.00558882
-0.00224627  0.00282943  0.00336569  0.00339777  0.00727354
-0.00305659  0.00363689  0.00558882  0.00727354   0.0262345
x =
 18.9923
 7.50012
 4.82081
 1.02998
0.399351
P =
  0.00470679  -0.00242569 -0.000510764  -0.00245242   -0.0030952
 -0.00242569   0.00798049    0.0089444   0.00348079   0.00452163
-0.000510764    0.0089444    0.0252318   0.00443176   0.00746508
 -0.00245242   0.00348079   0.00443176   0.00358164   0.00729938
  -0.0030952   0.00452163   0.00746508   0.00729938    0.0257008
x =
19.0807
7.76351
4.87301
 1.0806
0.44009
P =
 0.00443102 -0.00188941 0.000251545 -0.00231891 -0.00317058
-0.00188941  0.00662028  0.00744774  0.00283874  0.00371838
0.000251545  0.00744774   0.0242162  0.00337913  0.00559263
-0.00231891  0.00283874  0.00337913  0.00347439  0.00744429
-0.00317058  0.00371838  0.00559263  0.00744429   0.0265986
x =
 19.2027
 7.96997
 4.87288
 1.09193
0.419155
P =
  0.00472267  -0.00238699 -0.000693736  -0.00242686  -0.00297279
 -0.00238699    0.0077981   0.00902855   0.00329613   0.00416896
-0.000693736   0.00902855    0.0256622   0.00438116   0.00727754
 -0.00242686   0.00329613   0.00438116   0.00344062   0.00698162
 -0.00297279   0.00416896   0.00727754   0.00698162    0.0249807
x =
 19.2813
 8.18519
 4.85297
 1.12455
0.435317
P =
  0.00447146  -0.00187375 2.98542e-005  -0.00232726  -0.00313043
 -0.00187375   0.00648123   0.00754892   0.00268015   0.00342208
2.98542e-005   0.00754892    0.0245638   0.00335549   0.00549573
 -0.00232726   0.00268015   0.00335549    0.0033628   0.00719706
 -0.00313043   0.00342208   0.00549573   0.00719706    0.0260497
x =
 19.3819
 8.39484
 4.85233
 1.13547
0.406205
P =
  0.00476736  -0.00236677 -0.000932754  -0.00242293  -0.00290701
 -0.00236677   0.00760857   0.00910421   0.00310272   0.00383027
-0.000932754   0.00910421    0.0260855   0.00432308   0.00711176
 -0.00242293   0.00310272   0.00432308   0.00330282   0.00670255
 -0.00290701   0.00383027   0.00711176   0.00670255    0.0244142
x =
   19.48
 8.53976
 4.74887
 1.13522
0.381622
P =
   0.0045112  -0.00185452 -0.000199921   -0.0023328  -0.00309535
 -0.00185452   0.00634333   0.00764144   0.00252002   0.00314673
-0.000199921   0.00764144    0.0249061   0.00332793   0.00541405
  -0.0023328   0.00252002   0.00332793   0.00325584   0.00698509
 -0.00309535   0.00314673   0.00541405   0.00698509    0.0256292
x =
 19.5699
 8.74974
  4.7276
 1.16133
0.400895
P =
 0.00483307   -0.002376  -0.0011683 -0.00246367 -0.00295425
  -0.002376  0.00746941  0.00915223  0.00298771  0.00368678
 -0.0011683  0.00915223   0.0263165  0.00430836   0.0070832
-0.00246367  0.00298771  0.00430836  0.00326624  0.00665999
-0.00295425  0.00368678   0.0070832  0.00665999   0.0243827
x =
  19.737
 8.91786
  4.6954
 1.13715
0.343056
P =
  0.00454908  -0.00184629 -0.000394387  -0.00236357  -0.00312491
 -0.00184629   0.00624003   0.00769653   0.00242453   0.00302103
-0.000394387   0.00769653    0.0250827   0.00332623   0.00540531
 -0.00236357   0.00242453   0.00332623   0.00324072   0.00697533
 -0.00312491   0.00302103   0.00540531   0.00697533    0.0256436
x =
 19.8074
 9.14202
 4.67811
 1.17925
0.396101
P =
 0.00489736  -0.0023972 -0.00137299 -0.00252306 -0.00304452
 -0.0023972  0.00737119  0.00917668  0.00293307  0.00366514
-0.00137299  0.00917668   0.0263998  0.00432969  0.00713581
-0.00252306  0.00293307  0.00432969  0.00329423  0.00674052
-0.00304452  0.00366514  0.00713581  0.00674052   0.0245777
x =
 19.9396
 9.36466
 4.70607
 1.18142
0.372023
P =
  0.00459877  -0.00185787 -0.000564835  -0.00241723  -0.00320281
 -0.00185787   0.00616932   0.00772408   0.00237902   0.00299233
-0.000564835   0.00772408    0.0251287   0.00334191   0.00543136
 -0.00241723   0.00237902   0.00334191   0.00327631   0.00705762
 -0.00320281   0.00299233   0.00543136   0.00705762    0.0258197
x =
 19.9797
 9.59229
 4.67042
 1.24072
0.458367
P =
 0.00494299 -0.00239526 -0.00157052 -0.00254468 -0.00303981
-0.00239526  0.00725499  0.00921022  0.00283509  0.00352304
-0.00157052  0.00921022   0.0266217   0.0043173  0.00707781
-0.00254468  0.00283509   0.0043173  0.00325506  0.00665194
-0.00303981  0.00352304  0.00707781  0.00665194   0.0243695
x =
 20.0664
 9.83069
  4.6995
 1.26182
0.455257
P =
  0.00465516  -0.00185783 -0.000792418  -0.00245595  -0.00323645
 -0.00185783   0.00606372   0.00775807   0.00227755   0.00283133
-0.000792418   0.00775807    0.0253018   0.00333931   0.00540474
 -0.00245595   0.00227755   0.00333931   0.00324965   0.00699337
 -0.00323645   0.00283133   0.00540474   0.00699337    0.0256646
x =
 20.1276
 10.0791
  4.7423
 1.28483
0.439725
P =
  0.0049678 -0.00234344 -0.00180466 -0.00251045 -0.00290708
-0.00234344    0.007052  0.00922671  0.00261828  0.00313091
-0.00180466  0.00922671    0.027075  0.00421283  0.00680391
-0.00251045  0.00261828  0.00421283  0.00309911  0.00631978
-0.00290708  0.00313091  0.00680391  0.00631978    0.023665
x =
 20.1732
 10.3516
 4.79966
 1.32469
0.461442
P =
  0.0046926 -0.00182291 -0.00103418 -0.00244175 -0.00315859
-0.00182291  0.00592528  0.00781185  0.00209914   0.0025187
-0.00103418  0.00781185   0.0256896  0.00327628  0.00524738
-0.00244175  0.00209914  0.00327628  0.00312028  0.00672505
-0.00315859   0.0025187  0.00524738  0.00672505   0.0251119
x =
 20.1852
 10.5923
 4.78187
 1.38226
0.530707
P =
 0.00499563 -0.00228879 -0.00206361 -0.00244936 -0.00272894
-0.00228879  0.00685249  0.00925244  0.00237405   0.0027123
-0.00206361  0.00925244   0.0275968  0.00406837   0.0064771
-0.00244936  0.00237405  0.00406837  0.00289074   0.0059075
-0.00272894   0.0027123   0.0064771   0.0059075   0.0228473
x =
 20.2425
 10.8629
 4.83718
 1.40857
0.528438
P =
 0.00473702  -0.0017761 -0.00135972 -0.00240931 -0.00305227
 -0.0017761  0.00575518  0.00785154  0.00186902  0.00212474
-0.00135972  0.00785154   0.0261417  0.00319055  0.00507192
-0.00240931  0.00186902  0.00319055  0.00294467   0.0063889
-0.00305227  0.00212474  0.00507192   0.0063889   0.0244664
x =
 20.2727
 11.1194
 4.86897
 1.43292
0.511154
P =
 0.00501644  -0.0022054  -0.0023729 -0.00236052 -0.00250594
 -0.0022054  0.00660187  0.00923607  0.00206578  0.00219864
 -0.0023729  0.00923607   0.0282023  0.00385122  0.00602615
-0.00236052  0.00206578  0.00385122  0.00264423  0.00544701
-0.00250594  0.00219864  0.00602615  0.00544701   0.0219695
x =
 20.3066
 11.3565
 4.86366
 1.45618
0.508475
P =
 0.00475922 -0.00170779 -0.00166635 -0.00233783  -0.0028838
-0.00170779  0.00559004  0.00789065   0.0016168  0.00171602
-0.00166635  0.00789065   0.0266749  0.00304741  0.00479677
-0.00233783   0.0016168  0.00304741  0.00273476  0.00600869
 -0.0028838  0.00171602  0.00479677  0.00600869   0.0237634
x =
 20.2456
 11.6109
 4.84466
  1.5505
0.649961
P =
 0.00505658 -0.00215036 -0.00269563 -0.00229572 -0.00236459
-0.00215036  0.00641179  0.00924306  0.00182145  0.00185921
-0.00269563  0.00924306    0.028745   0.0036799  0.00573018
-0.00229572  0.00182145   0.0036799  0.00246088  0.00514636
-0.00236459  0.00185921  0.00573018  0.00514636   0.0214467
x =
 20.3182
 11.8474
 4.84239
 1.55103
0.609858
P =
 0.00479633  -0.0016476 -0.00205693 -0.00229101  -0.0027841
 -0.0016476  0.00542248  0.00789131  0.00137775  0.00135834
-0.00205693  0.00789131   0.0271458   0.0029404  0.00463424
-0.00229101  0.00137775   0.0029404  0.00258466  0.00576887
 -0.0027841  0.00135834  0.00463424  0.00576887   0.0233543
x =
 20.3499
 12.0804
 4.84891
 1.53896
0.504027
P =
 0.00506841 -0.00205514 -0.00304535  -0.0021995 -0.00216288
-0.00205514  0.00617446  0.00918086  0.00151968  0.00141252
-0.00304535  0.00918086   0.0293387   0.0034215   0.0052409
 -0.0021995  0.00151968   0.0034215  0.00226124  0.00480811
-0.00216288  0.00141252   0.0052409  0.00480811   0.0208101
x =
 20.3363
 12.3655
 4.91313
 1.57588
0.515454
P =
 0.00477855 -0.00156997 -0.00230436 -0.00219515 -0.00259733
-0.00156997  0.00530566  0.00792616  0.00115966  0.00105745
-0.00230436  0.00792616   0.0276633  0.00275258  0.00428938
-0.00219515  0.00115966  0.00275258  0.00241621  0.00548716
-0.00259733  0.00105745  0.00428938  0.00548716   0.0228323
x =
 20.2831
  12.606
 4.89218
 1.64427
0.610891
P =
 0.00509373 -0.00201407 -0.00334352 -0.00213669 -0.00206456
-0.00201407   0.0060558  0.00920488  0.00134489   0.0012505
-0.00334352  0.00920488   0.0298087  0.00328086  0.00505672
-0.00213669  0.00134489  0.00328086   0.0021382  0.00463194
-0.00206456   0.0012505  0.00505672  0.00463194   0.0204964
x =
 20.309
12.8432
4.87928
1.65406
0.58587
P =
 0.00481034 -0.00152624 -0.00266426 -0.00215022 -0.00253091
-0.00152624  0.00519672  0.00791879 0.000981116 0.000842524
-0.00266426  0.00791879   0.0280406  0.00265623   0.0041721
-0.00215022 0.000981116  0.00265623  0.00231357  0.00533955
-0.00253091 0.000842524   0.0041721  0.00533955   0.0225688
x =
20.2974
13.0756
4.86228
  1.678
 0.5809
P =
 0.00511526 -0.00195208 -0.00367653  -0.0020645 -0.00194278
-0.00195208  0.00590334  0.00915499  0.00113041 0.000987955
-0.00367653  0.00915499   0.0302619  0.00307279  0.00469105
 -0.0020645  0.00113041  0.00307279  0.00201339  0.00443571
-0.00194278 0.000987955  0.00469105  0.00443571   0.0201043
x =
 20.2617
 13.2878
 4.81995
 1.70855
0.584687
P =
 0.00480972  -0.0014706 -0.00295086 -0.00208154 -0.00241564
 -0.0014706  0.00510679  0.00790983 0.000804624 0.000623858
-0.00295086  0.00790983   0.0284189  0.00249848   0.0038987
-0.00208154 0.000804624  0.00249848  0.00220852  0.00517251
-0.00241564 0.000623858   0.0038987  0.00517251   0.0222351
x =
 20.2243
 13.5235
 4.82077
 1.72952
0.557846
P =
 0.00512876 -0.00189951 -0.00396799 -0.00200299 -0.00185822
-0.00189951  0.00578904  0.00911841 0.000953816 0.000803308
-0.00396799  0.00911841    0.030651  0.00288483  0.00438066
-0.00200299 0.000953816  0.00288483  0.00192657   0.0043142
-0.00185822 0.000803308  0.00438066   0.0043142   0.0198649
x =
 20.2049
 13.7806
 4.84565
 1.74836
0.545671
P =
 0.00480926 -0.00142202 -0.00322564 -0.00202667 -0.00233608
-0.00142202  0.00503276  0.00788911 0.000648755  0.00044411
