
C:\Users\mario.capin\Documents\Visual Studio 2013\Projects\CarND\CarND-Unscented
-Kalman-Filter-Project\Debug>CarND-Unscented-Kalman-Filter-Project.exe "C:\Users
\mario.capin\Documents\Visual Studio 2013\Projects\CarND\CarND-Unscented-Kalman-
Filter-Project\CarND-Unscented-Kalman-Filter-Project\data\obj_pose-laser-radar-s
ynthetic-input.txt" "C:\Users\mario.capin\Documents\Visual Studio 2013\Projects\
CarND\CarND-Unscented-Kalman-Filter-Project\CarND-Unscented-Kalman-Filter-Projec
t\data\output.txt"
UKF:
x =
     0.714003
     0.587993
      7.09127
-1.36724e-017
 8.16402e-018
P =
      0.63501      0.333404    -0.0124796 -2.04937e-018 -1.88958e-018
     0.333404      0.501555  -0.000357029 -2.50713e-018 -4.19422e-018
   -0.0124796  -0.000357029      0.325896 -4.69929e-019 -2.22173e-018
-2.04937e-018 -2.50713e-018 -4.69929e-019       1.00251       0.05025
-1.88958e-018 -4.19422e-018 -2.22173e-018       0.05025          1.01
x =
    1.16106
   0.493435
    7.09378
 -0.0687405
-0.00832614
P =
   0.0214954  0.000620703  0.000191347  -0.00345149 -0.000418059
 0.000620703    0.0211782 -0.000133119   0.00734996  0.000890258
 0.000191347 -0.000133119     0.335859  0.000740222 8.96588e-005
 -0.00345149   0.00734996  0.000740222     0.969192    0.0960496
-0.000418059  0.000890258 8.96588e-005    0.0960496       1.0194
x =
  1.27649
 0.513634
  7.08912
 0.191244
0.0392406
P =
   0.0167249   0.00528551  -0.00144535   -0.0129291  -0.00336595
  0.00528551   0.00460701  -0.00118982   -0.0147815 -0.000474538
 -0.00144535  -0.00118982     0.338611   -0.0221004  -0.00422537
  -0.0129291   -0.0147815   -0.0221004     0.324133     0.043857
 -0.00336595 -0.000474538  -0.00422537     0.043857      1.01301
x =
   1.6139
   0.5946
  7.10903
 0.245074
0.0539828
P =
   0.0122449 -0.000569021     0.007533   -0.0127687  -0.00296497
-0.000569021    0.0108797  -0.00250147    0.0396076    0.0103118
    0.007533  -0.00250147     0.342342  -0.00277586  0.000591784
  -0.0127687    0.0396076  -0.00277586     0.174903    0.0546198
 -0.00296497    0.0103118  0.000591784    0.0546198      1.01268
x =
  1.82225
 0.569819
  6.31043
0.0938054
-0.058607
P =
   0.0103105   0.00199643  -0.00106888 -0.000497075  -0.00119777
  0.00199643    0.0041249  0.000797628    0.0065445   0.00258746
 -0.00106888  0.000797628     0.162063    0.0032141    -0.010805
-0.000497075    0.0065445    0.0032141    0.0166029     0.043534
 -0.00119777   0.00258746    -0.010805     0.043534     0.998604
x =
   2.15275
  0.616045
   6.32553
  0.108492
-0.0297598
P =
  0.0071999 0.000741954   0.0047888  -0.0011417 -0.00331688
0.000741954  0.00695302  0.00148255   0.0092012   0.0166736
  0.0047888  0.00148255    0.170375   0.0020201  -0.0115924
 -0.0011417   0.0092012   0.0020201   0.0179811   0.0837302
-0.00331688   0.0166736  -0.0115924   0.0837302    0.990306
x =
  2.36854
 0.644858
  5.55075
0.0937786
-0.191939
P =
  0.00680698  0.000990916    0.0044831 -0.000872607  -0.00542976
 0.000990916   0.00449495 -0.000972709   0.00489953    0.0127121
   0.0044831 -0.000972709    0.0653935  -0.00600885   -0.0539185
-0.000872607   0.00489953  -0.00600885    0.0126736    0.0862899
 -0.00542976    0.0127121   -0.0539185    0.0862899     0.858457
x =
  2.64572
 0.668225
  5.55448
0.0822027
-0.200682
P =
 0.00562727  0.00019245  0.00614662 -0.00164609 -0.00841028
 0.00019245  0.00624991 -0.00201214  0.00799413   0.0304433
 0.00614662 -0.00201214   0.0729222 -0.00715186  -0.0472274
-0.00164609  0.00799413 -0.00715186   0.0193797    0.113746
-0.00841028   0.0304433  -0.0472274    0.113746    0.807583
x =
  2.91305
 0.658336
  5.47337
0.0253048
-0.398819
P =
 0.00551337 0.000273299  0.00541312 -0.00167488 -0.00843645
0.000273299  0.00506131 -0.00210595  0.00646827   0.0243809
 0.00541312 -0.00210595    0.047824  -0.0083395   -0.048496
-0.00167488  0.00646827  -0.0083395   0.0174604   0.0943943
-0.00843645   0.0243809   -0.048496   0.0943943    0.581653
x =
   3.14688
  0.656164
   5.42893
0.00936558
 -0.377082
P =
  0.00486224 -0.000278145   0.00628292  -0.00196204  -0.00817935
-0.000278145   0.00717946   -0.0030786   0.00986212    0.0365576
  0.00628292   -0.0030786    0.0549266  -0.00801285   -0.0379709
 -0.00196204   0.00986212  -0.00801285    0.0217518    0.0991204
 -0.00817935    0.0365576   -0.0379709    0.0991204     0.499985
x =
  3.43546
 0.547911
  5.47779
-0.156611
-0.877471
P =
  0.00483743 -0.000203747   0.00563884  -0.00174359  -0.00668772
-0.000203747   0.00617916  -0.00342019   0.00788058    0.0262673
  0.00563884  -0.00342019    0.0421094  -0.00863634   -0.0369892
 -0.00174359   0.00788058  -0.00863634    0.0167723    0.0690524
 -0.00668772    0.0262673   -0.0369892    0.0690524      0.31995
x =
   3.7405
 0.431273
  5.56273
-0.291762
 -1.16045
P =
  0.00430339 -0.000207126   0.00599766  -0.00107614   -0.0034094
-0.000207126   0.00795175  -0.00406724   0.00985359     0.030473
  0.00599766  -0.00406724    0.0489568  -0.00732617   -0.0271908
 -0.00107614   0.00985359  -0.00732617    0.0177285    0.0644034
  -0.0034094     0.030473   -0.0271908    0.0644034     0.265309
x =
  4.01966
 0.518887
  5.53231
-0.139938
-0.553963
P =
  0.00432953 -0.000138098   0.00570229 -0.000782541  -0.00233631
-0.000138098   0.00655203  -0.00622855   0.00684591    0.0182865
  0.00570229  -0.00622855    0.0461415    -0.010192   -0.0351766
-0.000782541   0.00684591    -0.010192    0.0111116    0.0369917
 -0.00233631    0.0182865   -0.0351766    0.0369917     0.152285
x =
  4.29337
 0.510907
  5.50886
-0.133154
-0.466467
P =
   0.0040352 -0.000225633   0.00626711 -0.000611621  -0.00161658
-0.000225633   0.00766181  -0.00627242   0.00769187     0.019529
  0.00626711  -0.00627242    0.0512973  -0.00844817   -0.0262618
-0.000611621   0.00769187  -0.00844817    0.0111817    0.0346569
 -0.00161658     0.019529   -0.0262618    0.0346569     0.136384
x =
   4.55128
  0.552371
   5.38108
-0.0838485
 -0.299749
P =
  0.00407741 -0.000252755   0.00547923  -0.00061222  -0.00166337
-0.000252755   0.00771816  -0.00616139   0.00725817    0.0173045
  0.00547923  -0.00616139    0.0411253    -0.008016    -0.023871
 -0.00061222   0.00725817    -0.008016   0.00984525    0.0291447
 -0.00166337    0.0173045    -0.023871    0.0291447     0.115459
x =
   4.73204
  0.668249
   5.16423
  0.032655
0.00139412
P =
  0.00387277 -0.000324676   0.00613405 -0.000539277  -0.00132688
-0.000324676   0.00811157  -0.00543341   0.00728443    0.0165678
  0.00613405  -0.00543341    0.0469712  -0.00622234   -0.0170432
-0.000539277   0.00728443  -0.00622234   0.00934014    0.0267156
 -0.00132688    0.0165678   -0.0170432    0.0267156     0.106226
x =
   4.98341
  0.667155
    5.0766
 0.0230824
-0.0227212
P =
   0.0039198 -0.000321617   0.00518664 -0.000564795   -0.0014201
-0.000321617   0.00816894  -0.00372767   0.00707374    0.0154274
  0.00518664  -0.00372767    0.0352707  -0.00433408   -0.0115242
-0.000564795   0.00707374  -0.00433408   0.00883001    0.0247489
  -0.0014201    0.0154274   -0.0115242    0.0247489    0.0998051
x =
   5.28376
  0.658751
   5.15439
0.00717915
-0.0555749
P =
  0.00376973 -0.000407933   0.00592628 -0.000590895  -0.00138201
-0.000407933    0.0080554  -0.00298319   0.00676902    0.0142771
  0.00592628  -0.00298319    0.0427247   -0.0032612  -0.00800242
-0.000590895   0.00676902   -0.0032612   0.00835589    0.0232241
 -0.00138201    0.0142771  -0.00800242    0.0232241    0.0955234
x =
   5.54389
  0.665197
   5.25002
 0.0119879
-0.0325818
P =
  0.00383273  -0.00044835   0.00512286 -0.000637312  -0.00151731
 -0.00044835   0.00856134   -0.0027224    0.0069984    0.0144241
  0.00512286   -0.0027224    0.0337673  -0.00308739  -0.00784178
-0.000637312    0.0069984  -0.00308739   0.00836143    0.0229268
 -0.00151731    0.0144241  -0.00784178    0.0229268    0.0944026
x =
   5.83997
  0.678648
   5.30248
  0.016784
-0.0205879
P =
  0.00369694 -0.000437509   0.00583923 -0.000563075  -0.00124596
-0.000437509   0.00825104  -0.00211695   0.00655785    0.0132807
  0.00583923  -0.00211695    0.0415976  -0.00226498  -0.00534902
-0.000563075   0.00655785  -0.00226498   0.00784712    0.0217174
 -0.00124596    0.0132807  -0.00534902    0.0217174    0.0918787
x =
   6.08199
  0.599174
   5.17977
-0.0514835
 -0.162774
P =
  0.00376927 -0.000512419    0.0050701 -0.000636394  -0.00144676
-0.000512419   0.00913082  -0.00216901   0.00710667     0.014276
   0.0050701  -0.00216901    0.0331103    -0.002421  -0.00609154
-0.000636394   0.00710667    -0.002421   0.00817643     0.022345
 -0.00144676     0.014276  -0.00609154     0.022345    0.0932726
x =
  6.33392
 0.721782
  5.15277
0.0450104
0.0450815
P =
  0.00363236 -0.000367792   0.00576778 -0.000417777 -0.000832032
-0.000367792    0.0084723   -0.0017181   0.00646948    0.0128518
  0.00576778   -0.0017181    0.0411081  -0.00175214  -0.00415712
-0.000417777   0.00646948  -0.00175214   0.00764838    0.0212951
-0.000832032    0.0128518  -0.00415712    0.0212951    0.0914256
x =
  6.58345
 0.756924
  5.10848
0.0645388
0.0779095
P =
  0.00370873  -0.00045575   0.00498877 -0.000521246  -0.00112316
 -0.00045575   0.00950816  -0.00159574   0.00721606    0.0143319
  0.00498877  -0.00159574    0.0326275  -0.00176672  -0.00440086
-0.000521246   0.00721606  -0.00176672   0.00826652    0.0226356
 -0.00112316    0.0143319  -0.00440086    0.0226356    0.0944648
x =
  6.82945
 0.751978
  5.09726
0.0525328
0.0467731
P =
  0.00361087 -0.000437506   0.00575281 -0.000506694  -0.00107961
-0.000437506    0.0085994   -0.0010697   0.00646124    0.0127322
  0.00575281   -0.0010697    0.0407712  -0.00127187  -0.00296725
-0.000506694   0.00646124  -0.00127187   0.00774248     0.021635
 -0.00107961    0.0127322  -0.00296725     0.021635    0.0926867
x =
   7.07105
  0.731484
   4.96404
 0.0275964
-0.0122394
P =
  0.00369327 -0.000551369   0.00498314 -0.000625028  -0.00136829
-0.000551369   0.00986766   -0.0011397   0.00743351    0.0147037
  0.00498314   -0.0011397    0.0324251  -0.00142028  -0.00352121
-0.000625028   0.00743351  -0.00142028   0.00858225     0.023417
 -0.00136829    0.0147037  -0.00352121     0.023417    0.0965063
x =
  7.28488
 0.826733
  4.91056
0.0948605
 0.121291
P =
  0.00359004 -0.000436543   0.00574024 -0.000500322  -0.00103484
-0.000436543   0.00873849 -0.000761255   0.00655895    0.0128615
  0.00574024 -0.000761255    0.0406245  -0.00101741   -0.0023696
-0.000500322   0.00655895  -0.00101741   0.00801882    0.0223082
 -0.00103484    0.0128615   -0.0023696    0.0223082    0.0943759
x =
  7.58288
 0.836402
  5.14573
0.0875291
0.0953704
P =
  0.00367473 -0.000563225   0.00493409 -0.000638192  -0.00134941
-0.000563225    0.0101387 -0.000462104   0.00769457     0.015137
  0.00493409 -0.000462104    0.0322058 -0.000741444  -0.00167482
-0.000638192   0.00769457 -0.000741444   0.00905237    0.0244446
 -0.00134941     0.015137  -0.00167482    0.0244446     0.098802
x =
  7.83573
 0.804233
  5.13841
0.0510715
 0.014934
P =
  0.00358696 -0.000497737    0.0057091 -0.000591819  -0.00123899
-0.000497737   0.00895873 -0.000148383   0.00675229    0.0131939
   0.0057091 -0.000148383    0.0404759 -0.000497139  -0.00100884
-0.000591819   0.00675229 -0.000497139   0.00834574     0.022979
 -0.00123899    0.0131939  -0.00100884     0.022979    0.0957892
x =
  8.08397
 0.820718
   5.0281
0.0524637
 0.011379
P =
  0.00367828 -0.000671647   0.00496731 -0.000747546  -0.00158164
-0.000671647    0.0107788 -0.000625393   0.00817009    0.0160327
  0.00496731 -0.000625393    0.0322718  -0.00102531  -0.00255529
-0.000747546   0.00817009  -0.00102531   0.00948226    0.0252326
 -0.00158164    0.0160327  -0.00255529    0.0252326     0.100253
x =
  8.31988
 0.838477
  5.00616
0.0573155
0.0198965
P =
  0.00358134 -0.000517271   0.00573506 -0.000598942  -0.00121746
-0.000517271   0.00924334 -0.000314547   0.00695359    0.0134803
  0.00573506 -0.000314547    0.0405165 -0.000723425  -0.00170523
-0.000598942   0.00695359 -0.000723425   0.00857492     0.023344
 -0.00121746    0.0134803  -0.00170523     0.023344    0.0963841
x =
  8.5904
0.953577
 5.20676
0.135817
0.175956
P =
  0.00367322 -0.000698622   0.00497603 -0.000760322   -0.0015638
-0.000698622    0.0111944  -0.00065942    0.0084904    0.0165016
  0.00497603  -0.00065942    0.0322766  -0.00107137  -0.00265292
-0.000760322    0.0084904  -0.00107137   0.00983618    0.0258351
  -0.0015638    0.0165016  -0.00265292    0.0258351     0.101339
x =
 8.82896
 1.01742
 5.18054
0.166622
0.218886
P =
  0.00360008 -0.000645294   0.00574501 -0.000762293  -0.00160666
-0.000645294   0.00949159 -0.000204188   0.00710784     0.013661
  0.00574501 -0.000204188     0.040518 -0.000752381  -0.00174172
-0.000762293   0.00710784 -0.000752381   0.00872966    0.0235526
 -0.00160666     0.013661  -0.00174172    0.0235526    0.0967162
x =
 9.12017
 1.06264
 5.25725
0.174556
0.210756
P =
  0.00369635 -0.000859916   0.00483464 -0.000939551  -0.00190558
-0.000859916    0.0116936  0.000904381   0.00877192    0.0169055
  0.00483464  0.000904381    0.0322313  0.000552065   0.00175137
-0.000939551   0.00877192  0.000552065   0.00999108    0.0259862
 -0.00190558    0.0169055   0.00175137    0.0259862     0.101441
x =
 9.35978
 1.08742
 5.22421
0.170685
0.184054
P =
  0.00361846 -0.000748475   0.00561687 -0.000893832  -0.00184302
-0.000748475   0.00971694   0.00100924   0.00717924    0.0136806
  0.00561687   0.00100924    0.0405119  0.000460553   0.00145135
-0.000893832   0.00717924  0.000460553   0.00872586    0.0234405
 -0.00184302    0.0136806   0.00145135    0.0234405    0.0964289
x =
  9.6383
 1.17981
  5.3008
0.211428
0.242605
P =
 0.00372261 -0.00101342  0.00472563   -0.001095 -0.00217424
-0.00101342    0.012163  0.00181531  0.00901804   0.0172938
 0.00472563  0.00181531   0.0324015   0.0013755  0.00370395
  -0.001095  0.00901804   0.0013755   0.0101165   0.0261727
-0.00217424   0.0172938  0.00370395   0.0261727     0.10185
x =
 9.91232
 1.32305
 5.35408
0.283784
0.355758
P =
  0.00364297 -0.000862142   0.00551993  -0.00102954  -0.00209763
-0.000862142   0.00991057     0.001699   0.00722801    0.0136994
  0.00551993     0.001699    0.0406189   0.00102347   0.00272781
 -0.00102954   0.00722801   0.00102347   0.00872114    0.0234037
 -0.00209763    0.0136994   0.00272781    0.0234037    0.0964526
x =
 10.1526
 1.45124
 5.23493
0.348902
0.462668
P =
 0.00375152 -0.00114927  0.00444186 -0.00122794 -0.00234276
-0.00114927   0.0123955  0.00395223  0.00896887   0.0169652
 0.00444186  0.00395223   0.0336771  0.00344259  0.00895032
-0.00122794  0.00896887  0.00344259  0.00988835    0.025484
-0.00234276   0.0169652  0.00895032    0.025484   0.0999957
x =
 10.3759
 1.51311
 5.18837
0.354052
0.430514
P =
 0.00369729 -0.00105132   0.0051998 -0.00129332 -0.00264554
-0.00105132  0.00988453  0.00337315  0.00706635   0.0132155
  0.0051998  0.00337315   0.0414824  0.00249537   0.0064015
-0.00129332  0.00706635  0.00249537  0.00854559   0.0229545
-0.00264554   0.0132155   0.0064015   0.0229545   0.0954015
x =
 10.5997
 1.62881
 5.05622
0.406238
0.510921
P =
  0.0038134 -0.00136878  0.00402999 -0.00149009 -0.00280016
-0.00136878   0.0122835  0.00593522  0.00873734   0.0162811
 0.00402999  0.00593522   0.0356328  0.00521336   0.0132261
-0.00149009  0.00873734  0.00521336  0.00967444   0.0248971
-0.00280016   0.0162811   0.0132261   0.0248971   0.0984697
x =
 10.8275
 1.61595
 4.97521
0.353093
0.366572
P =
 0.00374432 -0.00117351  0.00484969 -0.00149077 -0.00298366
-0.00117351  0.00972915  0.00483554  0.00687699   0.0127026
 0.00484969  0.00483554   0.0427611  0.00377223  0.00939702
-0.00149077  0.00687699  0.00377223  0.00847174   0.0227578
-0.00298366   0.0127026  0.00939702   0.0227578    0.094911
x =
 11.0982
 1.66424
 5.07859
 0.33052
0.276832
P =
 0.00387372 -0.00155049   0.0037367 -0.00172838 -0.00321076
-0.00155049   0.0122211  0.00682102  0.00873971   0.0162649
  0.0037367  0.00682102   0.0364804  0.00593815   0.0146501
-0.00172838  0.00873971  0.00593815  0.00988257   0.0253926
-0.00321076   0.0162649   0.0146501   0.0253926   0.0996821
x =
  11.385
 1.67708
 5.09991
 0.28653
0.168891
P =
 0.00374398 -0.00117395   0.0047726 -0.00149522 -0.00284608
-0.00117395  0.00977133  0.00536507  0.00693943   0.0128485
  0.0047726  0.00536507   0.0432378  0.00423554   0.0101593
-0.00149522  0.00693943  0.00423554  0.00864955   0.0231604
-0.00284608   0.0128485   0.0101593   0.0231604   0.0958413
x =
 11.6158
 1.72974
 5.02917
0.284752
0.153751
P =
  0.0038931 -0.00163946  0.00381928 -0.00180519 -0.00329726
-0.00163946   0.0126271  0.00635631  0.00915144   0.0172384
 0.00381928  0.00635631   0.0354118  0.00532693   0.0126513
-0.00180519  0.00915144  0.00532693   0.0103684   0.0265323
-0.00329726   0.0172384   0.0126513   0.0265323    0.102427
x =
 11.8455
 1.78068
  5.0005
0.279852
0.130197
P =
 0.00373667 -0.00117362  0.00489346 -0.00146767 -0.00270776
-0.00117362   0.0099648  0.00489314  0.00716025   0.0133451
 0.00489346  0.00489314   0.0424471  0.00367286  0.00838297
-0.00146767  0.00716025  0.00367286  0.00894884   0.0238272
-0.00270776   0.0133451  0.00838297   0.0238272   0.0973805
x =
 12.1027
 1.87883
 5.13699
0.298961
0.144031
P =
 0.00388742 -0.00164653  0.00394053 -0.00179317 -0.00320932
-0.00164653   0.0129053  0.00586043   0.0094539   0.0178138
 0.00394053  0.00586043   0.0346973  0.00479718   0.0111283
-0.00179317   0.0094539  0.00479718   0.0107477   0.0272878
-0.00320932   0.0178138   0.0111283   0.0272878    0.103972
x =
  12.3517
   1.8792
  5.09727
 0.251911
0.0429953
P =
 0.00374835 -0.00121806  0.00495394 -0.00150479  -0.0027692
-0.00121806   0.0101257  0.00452211   0.0073216   0.0136309
 0.00495394  0.00452211   0.0419536  0.00321653  0.00714183
-0.00150479   0.0073216  0.00321653  0.00914483   0.0241802
 -0.0027692   0.0136309  0.00714183   0.0241802   0.0980499
x =
   12.6113
   1.92995
   5.18352
  0.239761
0.00977094
P =
 0.00391034 -0.00174366  0.00405462 -0.00186844 -0.00336413
-0.00174366   0.0132972  0.00515207  0.00977957   0.0184212
 0.00405462  0.00515207    0.033884  0.00400194  0.00907487
-0.00186844  0.00977957  0.00400194   0.0110347    0.027819
-0.00336413   0.0184212  0.00907487    0.027819     0.10504
x =
 12.8069
 2.09014
 5.15455
0.318526
0.154279
P =
 0.00373716  -0.0012073  0.00509486 -0.00144412 -0.00259792
 -0.0012073   0.0103281  0.00391337  0.00747172   0.0138934
 0.00509486  0.00391337   0.0414375  0.00260515   0.0056118
-0.00144412  0.00747172  0.00260515  0.00924278   0.0243265
-0.00259792   0.0138934   0.0056118   0.0243265   0.0983337
x =
  13.076
 2.20506
 5.31228
0.338185
0.161588
P =
 0.00389444 -0.00171898  0.00398375 -0.00179345 -0.00313598
-0.00171898   0.0135527  0.00578646  0.00985671   0.0183772
 0.00398375  0.00578646   0.0345601  0.00468529   0.0108975
-0.00179345  0.00985671  0.00468529    0.010949   0.0274183
-0.00313598   0.0183772   0.0108975   0.0274183    0.103768
x =
 13.2782
 2.36011
 5.28251
0.400132
0.260821
P =
 0.00377543 -0.00131484  0.00494595   -0.001566 -0.00288527
-0.00131484   0.0104101  0.00444267  0.00742603   0.0136793
 0.00494595  0.00444267   0.0418557  0.00307142  0.00692109
  -0.001566  0.00742603  0.00307142  0.00909201   0.0238959
-0.00288527   0.0136793  0.00692109   0.0238959   0.0972615
x =
  13.444
 2.54854
  5.0904
0.500954
0.454581
P =
 0.00393669 -0.00183467   0.0036259 -0.00188884 -0.00328202
-0.00183467   0.0135518  0.00739972  0.00958291   0.0175458
  0.0036259  0.00739972   0.0365489  0.00616576   0.0146177
-0.00188884  0.00958291  0.00616576   0.0104446   0.0260839
-0.00328202   0.0175458   0.0146177   0.0260839    0.100378
x =
 13.697
2.63963
5.11244
0.49439
0.40028
P =
 0.00386204 -0.00150498  0.00448752 -0.00184917 -0.00352275
-0.00150498   0.0101798  0.00570468  0.00711198   0.0128447
 0.00448752  0.00570468   0.0431288  0.00416185  0.00971611
-0.00184917  0.00711198  0.00416185   0.0088044   0.0231881
-0.00352275   0.0128447  0.00971611   0.0231881   0.0955816
x =
 13.9145
 2.76278
 5.10038
0.516348
0.405418
P =
 0.00402238 -0.00200191  0.00299381 -0.00211066 -0.00365436
-0.00200191   0.0129578  0.00926754  0.00892121   0.0158825
 0.00299381  0.00926754   0.0398082  0.00783526   0.0186458
-0.00211066  0.00892121  0.00783526  0.00982189   0.0245278
-0.00365436   0.0158825   0.0186458   0.0245278   0.0965056
x =
 14.1433
 2.90791
 5.13046
0.545388
0.420384
P =
 0.00390698 -0.00156441   0.0040431 -0.00195861 -0.00365625
-0.00156441  0.00991766  0.00709665  0.00676375   0.0120128
  0.0040431  0.00709665   0.0452626  0.00543363   0.0127551
-0.00195861  0.00676375  0.00543363  0.00846029   0.0223619
-0.00365625   0.0120128   0.0127551   0.0223619    0.093595
x =
 14.3992
 3.01152
 5.25282
0.519627
0.301341
P =
 0.00408224  -0.0021058  0.00247215 -0.00223206 -0.00377638
 -0.0021058    0.012691   0.0107864  0.00855891   0.0150648
 0.00247215   0.0107864    0.042905  0.00910832   0.0215097
-0.00223206  0.00855891  0.00910832  0.00943896   0.0236211
-0.00377638   0.0150648   0.0215097   0.0236211   0.0943036
x =
 14.6131
 3.05171
 5.13995
0.480282
0.205779
P =
 0.00393575 -0.00160418   0.0037036 -0.00200453 -0.00364793
-0.00160418  0.00984604  0.00820006  0.00657287   0.0116319
  0.0037036  0.00820006   0.0472047  0.00633618   0.0147153
-0.00200453  0.00657287  0.00633618  0.00819032   0.0217526
-0.00364793   0.0116319   0.0147153   0.0217526   0.0921821
x =
 14.8425
 3.21997
 5.25658
0.514098
0.233728
P =
 0.00416149 -0.00230252  0.00232084 -0.00243605 -0.00420831
-0.00230252   0.0129898   0.0107977   0.0088565   0.0160267
 0.00232084   0.0107977   0.0419674  0.00894519   0.0208341
-0.00243605   0.0088565  0.00894519  0.00979235   0.0247103
-0.00420831   0.0160267   0.0208341   0.0247103    0.097435
x =
 15.0496
 3.42287
 5.30589
0.576568
0.325502
P =
 0.00398479 -0.00171198  0.00364069 -0.00212832 -0.00390579
-0.00171198  0.00997336  0.00809277  0.00671732   0.0121229
 0.00364069  0.00809277   0.0463877  0.00606958   0.0137734
-0.00212832  0.00671732  0.00606958  0.00840347   0.0224043
-0.00390579   0.0121229   0.0137734   0.0224043   0.0940102
x =
 15.2531
 3.61288
 5.27278
  0.6354
0.425237
P =
 0.00420136 -0.00237683  0.00194362 -0.00246367 -0.00412363
-0.00237683   0.0129757   0.0119269  0.00863997   0.0154037
 0.00194362   0.0119269   0.0444803  0.00979054    0.022736
-0.00246367  0.00863997  0.00979054  0.00939323    0.023573
-0.00412363   0.0154037    0.022736    0.023573   0.0941166
x =
 15.4685
 3.79159
 5.30451
0.667132
0.443434
P =
 0.00407323 -0.00184918  0.00314228 -0.00229983 -0.00423171
-0.00184918  0.00984817   0.0089481  0.00647442   0.0114997
 0.00314228   0.0089481   0.0479663  0.00667623   0.0152001
-0.00229983  0.00647442  0.00667623  0.00809851    0.021587
-0.00423171   0.0114997   0.0152001    0.021587   0.0917388
x =
 15.6799
 3.92652
 5.27541
0.668747
 0.40628
P =
 0.00428158 -0.00247215  0.00128492 -0.00253706 -0.00411129
-0.00247215    0.012549   0.0132358  0.00800711   0.0137884
 0.00128492   0.0132358   0.0483759   0.0106576   0.0246199
-0.00253706  0.00800711   0.0106576  0.00861824   0.0215542
-0.00411129   0.0137884   0.0246199   0.0215542   0.0887836
x =
 15.9085
 4.04513
 5.24617
 0.65487
0.346433
P =
 0.00411605 -0.00188017  0.00265763 -0.00232784 -0.00416823
-0.00188017  0.00961699  0.00997908  0.00607023   0.0105285
 0.00265763  0.00997908   0.0505665  0.00739979    0.016843
-0.00232784  0.00607023  0.00739979  0.00757138   0.0202702
-0.00416823   0.0105285    0.016843   0.0202702   0.0883823
x =
 16.0991
 4.21598
 5.15989
0.697571
0.425557
P =
 0.00437479 -0.00262883 0.000855923 -0.00269432 -0.00440343
-0.00262883   0.0125134   0.0137812  0.00792156   0.0138013
0.000855923   0.0137812   0.0493958   0.0109636   0.0252725
-0.00269432  0.00792156   0.0109636  0.00855389   0.0215881
-0.00440343   0.0138013   0.0252725   0.0215881   0.0892278
x =
 16.2953
 4.40626
 5.19211
0.731147
 0.44686
P =
 0.00417502 -0.00195965   0.0023439 -0.00244109   -0.004379
-0.00195965  0.00953905   0.0103426  0.00598191   0.0104537
  0.0023439   0.0103426   0.0511089  0.00759858   0.0171886
-0.00244109  0.00598191  0.00759858  0.00756034   0.0203688
  -0.004379   0.0104537   0.0171886   0.0203688   0.0888263
x =
 16.5078
 4.56939
 5.22866
0.732967
0.396061
P =
 0.00442077 -0.00265698 0.000413024 -0.00271871 -0.00431626
-0.00265698   0.0121973   0.0145179  0.00753232   0.0128915
0.000413024   0.0145179   0.0520846   0.0114155   0.0261576
-0.00271871  0.00753232   0.0114155  0.00815512   0.0205651
-0.00431626   0.0128915   0.0261576   0.0205651   0.0864229
x =
 16.6877
 4.72407
 5.18503
0.744797
0.382674
P =
 0.00421732 -0.00199119  0.00196785 -0.00248385 -0.00438217
-0.00199119  0.00938361   0.0109683  0.00574201  0.00991982
 0.00196785   0.0109683   0.0529074  0.00797822   0.0179615
-0.00248385  0.00574201  0.00797822  0.00729402   0.0196947
-0.00438217  0.00991982   0.0179615   0.0196947   0.0869924
x =
 16.8312
 4.93043
 5.04339
0.825739
0.560924
P =
  0.00449841  -0.00276205 5.15065e-006   -0.0028236  -0.00447632
 -0.00276205     0.012106    0.0150104   0.00740219    0.0127155
5.15065e-006    0.0150104    0.0534197    0.0116866    0.0266847
  -0.0028236   0.00740219    0.0116866   0.00803625    0.0203332
 -0.00447632    0.0127155    0.0266847    0.0203332     0.085868
x =
 16.9891
 5.15617
 5.09019
0.877256
0.601317
P =
 0.00430291 -0.00208192  0.00148646 -0.00264152 -0.00469255
-0.00208192  0.00921205   0.0113345  0.00558057  0.00959976
 0.00148646   0.0113345   0.0537468  0.00820376   0.0183958
-0.00264152  0.00558057  0.00820376   0.0072551   0.0196259
-0.00469255  0.00959976   0.0183958   0.0196259   0.0867841
x =
 17.1625
 5.32083
 5.06291
0.882029
0.551384
P =
  0.00452568  -0.00269228 -0.000577146  -0.00275324  -0.00408782
 -0.00269228    0.0114326    0.0157285   0.00660749    0.0106903
-0.000577146    0.0157285    0.0578889     0.011913    0.0267649
 -0.00275324   0.00660749     0.011913    0.0072035    0.0180823
 -0.00408782    0.0106903    0.0267649    0.0180823    0.0797003
x =
 17.3212
 5.48821
 5.01716
0.894438
0.526624
P =
 0.00432962 -0.00204402 0.000943818  -0.0026155 -0.00447346
-0.00204402  0.00886705   0.0121149  0.00508074  0.00837124
0.000943818   0.0121149   0.0570803   0.0085713    0.019046
 -0.0026155  0.00508074   0.0085713  0.00668525   0.0181145
-0.00447346  0.00837124    0.019046   0.0181145   0.0827229
x =
 17.4803
 5.64981
 4.95488
0.904143
0.505267
P =
 0.00460391 -0.00275668 -0.00115076 -0.00283609 -0.00418211
-0.00275668   0.0111884   0.0163078  0.00632873   0.0102297
-0.00115076   0.0163078   0.0603103   0.0121823   0.0272951
-0.00283609  0.00632873   0.0121823   0.0069694   0.0176188
-0.00418211   0.0102297   0.0272951   0.0176188   0.0787456
x =
 17.6803
 5.74602
 4.83475
 0.86288
0.394855
P =
 0.00436597 -0.00205797 0.000539593 -0.00266064 -0.00449872
-0.00205797  0.00872514   0.0125945  0.00489601  0.00806761
0.000539593   0.0125945   0.0586941  0.00881527   0.0194894
-0.00266064  0.00489601  0.00881527  0.00654874   0.0178532
-0.00449872  0.00806761   0.0194894   0.0178532   0.0821954
x =
 17.8244
 5.93865
 4.79711
0.900947
0.450514
P =
 0.00470378 -0.00288544 -0.00149192 -0.00304157 -0.00466627
-0.00288544   0.0111739   0.0163486  0.00646694   0.0108931
-0.00149192   0.0163486   0.0596228   0.0123691   0.0278573
-0.00304157  0.00646694   0.0123691  0.00732131   0.0187024
-0.00466627   0.0108931   0.0278573   0.0187024   0.0818252
x =
 17.9968
 6.12943
 4.82301
0.913315
 0.43294
P =
 0.00442027 -0.00211984 0.000358664 -0.00280396 -0.00480786
-0.00211984  0.00870047   0.0125744  0.00499874  0.00848713
0.000358664   0.0125744   0.0580253  0.00889055   0.0195822
-0.00280396  0.00499874  0.00889055  0.00687302   0.0187397
-0.00480786  0.00848713   0.0195822   0.0187397   0.0845016
x =
 18.1494
 6.33527
 4.87477
0.931789
0.413167
P =
 0.00475104 -0.00292663 -0.00179758 -0.00311597 -0.00471705
-0.00292663   0.0110687    0.016605  0.00641226   0.0107646
-0.00179758    0.016605   0.0607135    0.012581   0.0280607
-0.00311597  0.00641226    0.012581  0.00734252   0.0186091
-0.00471705   0.0107646   0.0280607   0.0186091   0.0811512
x =
 18.2641
 6.58896
 4.94812
0.990622
0.477812
P =
  0.00448336    -0.002177 5.75324e-005  -0.00289949  -0.00493404
   -0.002177   0.00864322     0.012787    0.0049527   0.00837292
5.75324e-005     0.012787    0.0586982   0.00900767    0.0196442
 -0.00289949    0.0049527   0.00900767   0.00687716    0.0186236
 -0.00493404   0.00837292    0.0196442    0.0186236    0.0838821
x =
 18.3962
 6.80492
 4.96032
 1.01883
0.486453
P =
 0.00479136 -0.00292921 -0.00222883 -0.00307066 -0.00440232
-0.00292921   0.0108425   0.0170693  0.00603815  0.00971998
-0.00222883   0.0170693   0.0634694   0.0125757   0.0275136
-0.00307066  0.00603815   0.0125757  0.00683409   0.0171133
-0.00440232  0.00971998   0.0275136   0.0171133   0.0769248
x =
 18.5519
 6.91855
 4.80907
 0.98769
0.396039
P =
  0.00455848  -0.00221443 -0.000489371  -0.00292663  -0.00486164
 -0.00221443   0.00846525    0.0132019   0.00463245   0.00754436
-0.000489371    0.0132019    0.0606747   0.00905897     0.019532
 -0.00292663   0.00463245   0.00905897   0.00645451    0.0174611
 -0.00486164   0.00754436     0.019532    0.0174611    0.0807873
x =
 18.7072
 7.11838
 4.87308
0.980108
0.314853
P =
 0.00493246 -0.00306991 -0.00277711 -0.00323432 -0.00472091
-0.00306991   0.0107351   0.0172215  0.00594137  0.00964644
-0.00277711   0.0172215   0.0639832   0.0126267   0.0276634
-0.00323432  0.00594137   0.0126267  0.00681372    0.017182
-0.00472091  0.00964644   0.0276634    0.017182   0.0774415
x =
 18.9162
 7.23931
  4.7824
0.927594
 0.20222
P =
  0.00460017  -0.00224962 -0.000667471  -0.00296954  -0.00490505
 -0.00224962   0.00843176    0.0133192   0.00459167   0.00756609
-0.000667471    0.0133192     0.060927   0.00907198    0.0195249
 -0.00296954   0.00459167   0.00907198   0.00645102    0.0175433
 -0.00490505   0.00756609    0.0195249    0.0175433    0.0812406
x =
 19.0034
 7.43263
 4.64963
0.986277
0.340093
P =
 0.00506423 -0.00324407  -0.0028963 -0.00347135 -0.00531776
-0.00324407   0.0108563   0.0169014  0.00623601   0.0106316
 -0.0028963   0.0169014   0.0613957   0.0126537   0.0280521
-0.00347135  0.00623601   0.0126537  0.00729572   0.0185833
-0.00531776   0.0106316   0.0280521   0.0185833    0.081385
x =
   19.08
 7.72971
 4.79257
 1.07052
0.454373
P =
  0.00467314  -0.00233583 -0.000706955  -0.00313541  -0.00529293
 -0.00233583   0.00843527    0.0129721   0.00476557   0.00811681
-0.000706955    0.0129721    0.0589619   0.00901661    0.0194762
 -0.00313541   0.00476557   0.00901661    0.0068648    0.0186569
 -0.00529293   0.00811681    0.0194762    0.0186569    0.0841718
x =
 19.2069
 7.92778
 4.80134
   1.072
0.399274
P =
 0.00501708 -0.00311245  -0.0031107 -0.00328521 -0.00463253
-0.00311245   0.0104832   0.0171439  0.00572934  0.00915924
 -0.0031107   0.0171439    0.064498   0.0124815   0.0270019
-0.00328521  0.00572934   0.0124815  0.00668482   0.0167421
-0.00463253  0.00915924   0.0270019   0.0167421   0.0759956
x =
 19.2807
 8.15442
  4.8045
 1.11541
0.437403
P =
 0.00470469 -0.00230665 -0.00115123 -0.00308073 -0.00500757
-0.00230665  0.00821125   0.0133331  0.00438792  0.00708792
-0.00115123   0.0133331   0.0614301   0.0090187   0.0192216
-0.00308073  0.00438792   0.0090187  0.00638375   0.0172774
-0.00500757  0.00708792   0.0192216   0.0172774   0.0803075
x =
 19.3846
 8.35837
 4.81728
 1.11741
0.371914
P =
 0.00507522 -0.00311021 -0.00361111 -0.00324303 -0.00440216
-0.00311021   0.0102145   0.0174474   0.0053311  0.00822216
-0.00361111   0.0174474   0.0670583   0.0123512   0.0264585
-0.00324303   0.0053311   0.0123512  0.00622875   0.0156024
-0.00440216  0.00822216   0.0264585   0.0156024   0.0732017
x =
 19.4849
 8.49387
 4.66464
 1.10632
0.325706
P =
 0.00474895 -0.00230154 -0.00160525  -0.0030548 -0.00486489
-0.00230154  0.00804691   0.0136554  0.00409001  0.00642321
-0.00160525   0.0136554   0.0633348  0.00900405   0.0191097
 -0.0030548  0.00409001  0.00900405  0.00603075   0.0164396
-0.00486489  0.00642321   0.0191097   0.0164396    0.078353
x =
 19.5786
 8.69491
 4.62025
 1.13245
0.362674
P =
 0.00519877 -0.00320936 -0.00407462 -0.00338041 -0.00474031
-0.00320936   0.0101175   0.0175296  0.00527411  0.00835774
-0.00407462   0.0175296   0.0673611   0.0124566   0.0269888
-0.00338041  0.00527411   0.0124566   0.0062968   0.0159914
-0.00474031  0.00835774   0.0269888   0.0159914   0.0746331
x =
 19.7457
 8.86533
 4.58393
 1.10202
0.284431
P =
 0.00480429 -0.00233364 -0.00189908 -0.00314053 -0.00506094
-0.00233364  0.00796461   0.0137066   0.0040411  0.00647416
-0.00189908   0.0137066   0.0634658  0.00909845   0.0194399
-0.00314053   0.0040411  0.00909845  0.00613629   0.0168386
-0.00506094  0.00647416   0.0194399   0.0168386   0.0796009
x =
  19.819
 9.08331
 4.54497
 1.15166
0.381949
P =
  0.0052991 -0.00329372 -0.00438186 -0.00353895 -0.00511907
-0.00329372   0.0100496   0.0174599   0.0053312  0.00871073
-0.00438186   0.0174599   0.0668838   0.0126431   0.0276118
-0.00353895   0.0053312   0.0126431  0.00654118   0.0167004
-0.00511907  0.00871073   0.0276118   0.0167004   0.0765098
x =
 19.9447
 9.32389
 4.62313
  1.1649
0.372356
P =
 0.00488342 -0.00239056 -0.00215227 -0.00328202 -0.00537271
-0.00239056  0.00790054   0.0136362  0.00407188  0.00666433
-0.00215227   0.0136362    0.063031  0.00921527   0.0197416
-0.00328202  0.00407188  0.00921527  0.00636784   0.0174353
-0.00537271  0.00666433   0.0197416   0.0174353    0.081042
x =
 19.9858
 9.54913
 4.56346
 1.23765
0.519839
P =
 0.00534608 -0.00329646 -0.00473732 -0.00353954 -0.00497039
-0.00329646  0.00987322   0.0175849  0.00513281  0.00819974
-0.00473732   0.0175849   0.0684153   0.0126278   0.0272018
-0.00353954  0.00513281   0.0126278   0.0063568   0.0160757
-0.00497039  0.00819974   0.0272018   0.0160757   0.0745074
x =
 20.0635
 9.80371
  4.6393
 1.27338
0.535008
P =
 0.00496939 -0.00241865 -0.00266731 -0.00334401 -0.00540357
-0.00241865  0.00773832   0.0137487  0.00386875  0.00616133
-0.00266731   0.0137487   0.0641974  0.00924236   0.0196219
-0.00334401  0.00386875  0.00924236  0.00621946   0.0169474
-0.00540357  0.00616133   0.0196219   0.0169474   0.0795354
x =
 20.1272
  10.056
 4.73663
  1.2892
0.468618
P =
 0.00535401 -0.00319598 -0.00520744 -0.00336477 -0.00432679
-0.00319598  0.00946709   0.0176802  0.00453346  0.00667276
-0.00520744   0.0176802   0.0716161   0.0120563   0.0251807
-0.00336477  0.00453346   0.0120563   0.0056585   0.0141856
-0.00432679  0.00667276   0.0251807   0.0141856   0.0694993
x =
 20.1648
  10.348
 4.85517
 1.34421
0.515887
P =
 0.00500405 -0.00236794 -0.00317131 -0.00322882 -0.00499028
-0.00236794  0.00751956   0.0140122  0.00343047  0.00511398
-0.00317131   0.0140122   0.0668152   0.0089203   0.0185732
-0.00322882  0.00343047   0.0089203  0.00564091   0.0154624
-0.00499028  0.00511398   0.0185732   0.0154624   0.0757897
x =
20.1747
10.5939
4.83754
1.41017
0.61769
P =
 0.00539217 -0.00314019  -0.0057654 -0.00316506 -0.00369431
-0.00314019  0.00916486   0.0178868  0.00396274  0.00541414
 -0.0057654   0.0178868   0.0747657   0.0113708   0.0232687
-0.00316506  0.00396274   0.0113708   0.0049105   0.0123887
-0.00369431  0.00541414   0.0232687   0.0123887   0.0651393
x =
  20.227
 10.8734
 4.92188
 1.44202
0.616729
P =
 0.00506622 -0.00233378 -0.00392541 -0.00309702 -0.00459618
-0.00233378  0.00727754   0.0142147  0.00293749  0.00405708
-0.00392541   0.0142147   0.0693096  0.00852298   0.0176147
-0.00309702  0.00293749  0.00852298  0.00501468   0.0140287
-0.00459618  0.00405708   0.0176147   0.0140287   0.0724634
x =
 20.2559
 11.1391
 4.99094
 1.45784
0.545238
P =
 0.00544254 -0.00306971 -0.00643101 -0.00294501 -0.00307424
-0.00306971  0.00879068   0.0179202  0.00331569  0.00410583
-0.00643101   0.0179202   0.0779069   0.0104048    0.020836
-0.00294501  0.00331569   0.0104048  0.00418034   0.0107692
-0.00307424  0.00410583    0.020836   0.0107692   0.0612971
x =
 20.2921
 11.3711
 4.95897
  1.4762
0.533235
P =
 0.00508888  -0.0022707  -0.0045027 -0.00290053 -0.00411007
 -0.0022707  0.00707752   0.0144109  0.00245478  0.00312329
 -0.0045027   0.0144109   0.0718715  0.00788747   0.0161448
-0.00290053  0.00245478  0.00788747  0.00440294    0.012714
-0.00411007  0.00312329   0.0161448    0.012714   0.0694416
x =
 20.2271
 11.6317
 4.93533
 1.58762
0.764461
P =
 0.00555644 -0.00309778 -0.00714448 -0.00286411 -0.00296075
-0.00309778  0.00861191   0.0180821  0.00297039  0.00374785
-0.00714448   0.0180821   0.0800542   0.0099464   0.0202762
-0.00286411  0.00297039   0.0099464  0.00383026   0.0102216
-0.00296075  0.00374785   0.0202762   0.0102216   0.0601707
x =
 20.3025
 11.8574
 4.88242
 1.58173
0.700507
P =
  0.0051831 -0.00227371 -0.00534826 -0.00284872 -0.00405857
-0.00227371  0.00688776   0.0144304  0.00211869  0.00263423
-0.00534826   0.0144304   0.0734487  0.00761714   0.0158931
-0.00284872  0.00211869  0.00761714   0.0041347   0.0122969
-0.00405857  0.00263423   0.0158931   0.0122969   0.0685645
x =
 20.3373
 12.0907
 4.90282
 1.54344
0.456994
P =
 0.00562336 -0.00304555 -0.00782702  -0.0027098 -0.00261457
-0.00304555  0.00829236    0.017945  0.00247427  0.00290431
-0.00782702    0.017945   0.0823506  0.00904277   0.0180912
 -0.0027098  0.00247427  0.00904277  0.00341733  0.00936911
-0.00261457  0.00290431   0.0180912  0.00936911   0.0578453
x =
20.3216
12.3855
5.01112
1.58096
0.47492
P =
  0.0051454 -0.00220613 -0.00558442 -0.00266924 -0.00366997
-0.00220613  0.00679449   0.0146086  0.00180784  0.00217184
-0.00558442   0.0146086   0.0753409  0.00695609   0.0142902
-0.00266924  0.00180784  0.00695609  0.00379568   0.0115797
-0.00366997  0.00217184   0.0142902   0.0115797    0.066618
x =
 20.2663
 12.6268
 4.96397
 1.66202
0.652374
P =
  0.0056987 -0.00308247 -0.00832289 -0.00266742 -0.00268176
-0.00308247  0.00823629   0.0181191   0.0023379  0.00308831
-0.00832289   0.0181191   0.0835325  0.00888782   0.0184484
-0.00266742   0.0023379  0.00888782  0.00327775   0.0092228
-0.00268176  0.00308831   0.0184484   0.0092228   0.0573677
x =
 20.2977
  12.853
 4.90406
 1.66538
0.610732
P =
 0.00524803 -0.00223642 -0.00629696 -0.00266651 -0.00377577
-0.00223642  0.00667968   0.0145533  0.00163618  0.00207746
-0.00629696   0.0145533   0.0760237  0.00687564   0.0145299
-0.00266651  0.00163618  0.00687564  0.00368466     0.01143
-0.00377577  0.00207746   0.0145299     0.01143    0.066117
x =
 20.2892
 13.0816
  4.8688
 1.68345
0.586497
P =
 0.00578329 -0.00307168 -0.00891669 -0.00258946 -0.00255301
-0.00307168  0.00803467   0.0179784  0.00204082  0.00265226
-0.00891669   0.0179784   0.0848743  0.00828457   0.0169309
-0.00258946  0.00204082  0.00828457  0.00306905   0.0087811
-0.00255301  0.00265226   0.0169309   0.0087811   0.0560017
x =
 20.2582
 13.2839
 4.78833
 1.71042
0.584775
P =
 0.00526827 -0.00221203 -0.00669316 -0.00257998 -0.00360529
-0.00221203  0.00658013   0.0145425  0.00141167  0.00174366
-0.00669316   0.0145425   0.0771036  0.00641225   0.0133571
-0.00257998  0.00141167  0.00641225  0.00351287   0.0110454
-0.00360529  0.00174366   0.0133571   0.0110454    0.064936
x =
 20.2218
 13.5187
 4.79837
 1.72461
0.522963
P =
 0.00584244 -0.00306298 -0.00936288 -0.00253879  -0.0025342
-0.00306298   0.0078986   0.0179047  0.00183047  0.00245024
-0.00936288   0.0179047   0.0858738  0.00784483   0.0160368
-0.00253879  0.00183047  0.00784483  0.00296413  0.00862658
 -0.0025342  0.00245024   0.0160368  0.00862658    0.055563
x =
 20.2021
 13.7798
  4.8404
 1.74203
0.509444
P =
 0.00529953 -0.00219676 -0.00706891 -0.00253932 -0.00357042
-0.00219676   0.0064972   0.0145074  0.00123521  0.00152855
-0.00706891   0.0145074   0.0778643  0.00607451   0.0126243
-0.00253932  0.00123521  0.00607451  0.00344237   0.0109308
-0.00357042  0.00152855   0.0126243   0.0109308   0.0645714
x =
  20.147
 14.0047
 4.80948
 1.78425
0.566552
P =
 0.00591567 -0.00307353  -0.0098293 -0.00250301  -0.0025234
