
C:\Users\mario.capin\Documents\Visual Studio 2013\Projects\CarND\CarND-Unscented
-Kalman-Filter-Project\Debug>CarND-Unscented-Kalman-Filter-Project.exe "C:\Users
\mario.capin\Documents\Visual Studio 2013\Projects\CarND\CarND-Unscented-Kalman-
Filter-Project\CarND-Unscented-Kalman-Filter-Project\data\obj_pose-laser-radar-s
ynthetic-input.txt" "C:\Users\mario.capin\Documents\Visual Studio 2013\Projects\
CarND\CarND-Unscented-Kalman-Filter-Project\CarND-Unscented-Kalman-Filter-Projec
t\data\output.txt"
UKF:
x =
     0.713443
     0.587138
      7.11917
-3.82226e-017
-1.98736e-017
P =
      0.63501        0.3334    -0.0126352  6.72945e-019 -1.27277e-018
       0.3334      0.501549  -0.000515574  3.66955e-018 -3.05026e-019
   -0.0126352  -0.000515574      0.326876  2.63148e-018  3.26373e-019
 6.72945e-019  3.66955e-018  2.63148e-018       1.00251     0.0505625
-1.27277e-018 -3.05026e-019  3.26373e-019     0.0505625        1.0225
x =
    1.16111
   0.493364
    7.12187
 -0.0686153
-0.00839228
P =
   0.0214964  0.000619968  0.000204722  -0.00346112 -0.000423326
 0.000619968     0.021179 -0.000147958   0.00737499  0.000902028
 0.000204722 -0.000147958     0.349334   0.00082601  0.000101029
 -0.00346112   0.00737499   0.00082601     0.968968    0.0972142
-0.000423326  0.000902028  0.000101029    0.0972142      1.04438
x =
  1.27621
 0.513557
   7.1176
 0.189963
0.0398911
P =
   0.0167393   0.00528888  -0.00176094   -0.0129224   -0.0034641
  0.00528888   0.00461778  -0.00131684   -0.0148247 -0.000466181
 -0.00176094  -0.00131684     0.363528   -0.0239099  -0.00466536
  -0.0129224   -0.0148247   -0.0239099     0.322344    0.0445576
  -0.0034641 -0.000466181  -0.00466536    0.0445576      1.04988
x =
 1.61443
0.594515
 7.13852
0.244961
0.055389
P =
  0.0122457 -0.00058309  0.00811832  -0.0127111 -0.00303284
-0.00058309   0.0109085  -0.0027193   0.0395125   0.0105997
 0.00811832  -0.0027193    0.378725 -0.00300679 0.000700296
 -0.0127111   0.0395125 -0.00300679     0.17362   0.0563563
-0.00303284   0.0105997 0.000700296   0.0563563     1.06145
x =
   1.82363
  0.569893
   6.27213
 0.0941422
-0.0601469
P =
   0.0103246   0.00199586  -0.00136297 -0.000496322  -0.00124586
  0.00199586   0.00413291  0.000758748   0.00653116   0.00268417
 -0.00136297  0.000758748     0.170962    0.0031738   -0.0123483
-0.000496322   0.00653116    0.0031738    0.0166139    0.0459337
 -0.00124586   0.00268417   -0.0123483    0.0459337      1.05808
x =
   2.15239
  0.616019
    6.2881
  0.108777
-0.0300133
P =
 0.00720667  0.00074198  0.00510081  -0.0011516 -0.00351106
 0.00074198  0.00693842  0.00147159  0.00923311   0.0175012
 0.00510081  0.00147159    0.191571  0.00192433  -0.0130962
 -0.0011516  0.00923311  0.00192433   0.0183551   0.0888915
-0.00351106   0.0175012  -0.0130962   0.0888915     1.06043
x =
  2.36795
 0.646812
  5.49543
0.0993538
-0.161892
P =
  0.00681969  0.000991155   0.00451724 -0.000900144  -0.00575104
 0.000991155   0.00449547  -0.00113963   0.00497534    0.0134576
  0.00451724  -0.00113963    0.0698101  -0.00672109   -0.0597787
-0.000900144   0.00497534  -0.00672109    0.0132612    0.0921544
 -0.00575104    0.0134576   -0.0597787    0.0921544     0.927024
x =
  2.64302
 0.670665
  5.50082
0.0876789
-0.177515
P =
 0.00565307 0.000168747   0.0065825 -0.00174821 -0.00909444
0.000168747  0.00627924   -0.002225   0.0082289   0.0321384
  0.0065825   -0.002225   0.0894507 -0.00793386  -0.0519592
-0.00174821   0.0082289 -0.00793386   0.0204696    0.121899
-0.00909444   0.0321384  -0.0519592    0.121899    0.881293
x =
  2.91081
 0.660661
  5.43226
0.0305118
-0.378985
P =
 0.00554072 0.000260075  0.00546281 -0.00175956 -0.00896416
0.000260075  0.00508826 -0.00235301  0.00667982   0.0256684
 0.00546281 -0.00235301   0.0561427 -0.00929428   -0.054131
-0.00175956  0.00667982 -0.00929428   0.0184963    0.101412
-0.00896416   0.0256684   -0.054131    0.101412    0.643961
x =
  3.14314
 0.658859
  5.38556
0.0140064
-0.362894
P =
  0.00490421 -0.000318782   0.00687584  -0.00209261  -0.00880899
-0.000318782   0.00726997  -0.00336552    0.0102405    0.0385636
  0.00687584  -0.00336552    0.0751558  -0.00882685   -0.0418117
 -0.00209261    0.0102405  -0.00882685    0.0230734     0.106982
 -0.00880899    0.0385636   -0.0418117     0.106982     0.563558
x =
 3.43283
0.549271
 5.45725
-0.15725
-0.88929
P =
  0.00487899 -0.000232846   0.00581163  -0.00184507  -0.00717616
-0.000232846   0.00625189  -0.00399656    0.0081821    0.0277237
  0.00581163  -0.00399656    0.0537023   -0.0101796   -0.0443515
 -0.00184507    0.0081821   -0.0101796     0.017854     0.075457
 -0.00717616    0.0277237   -0.0443515     0.075457     0.375996
x =
  3.73813
 0.430534
  5.55568
-0.297819
 -1.19293
P =
   0.0043537 -0.000245638   0.00673543  -0.00114892  -0.00365125
-0.000245638   0.00809149  -0.00476034    0.0102666    0.0324149
  0.00673543  -0.00476034    0.0720683  -0.00850779   -0.0320626
 -0.00114892    0.0102666  -0.00850779    0.0189417    0.0714156
 -0.00365125    0.0324149   -0.0320626    0.0714156     0.324598
x =
  4.01715
   0.5197
   5.5332
-0.138453
 -0.54028
P =
  0.00438374 -0.000194972   0.00615819 -0.000875303   -0.0027244
-0.000194972   0.00675656  -0.00828147   0.00725382    0.0197794
  0.00615819  -0.00828147    0.0656792   -0.0138879   -0.0503916
-0.000875303   0.00725382   -0.0138879     0.012115    0.0425749
  -0.0027244    0.0197794   -0.0503916    0.0425749     0.204712
x =
  4.29083
  0.51264
  5.50284
-0.129517
-0.445846
P =
  0.00412002 -0.000336944   0.00741505 -0.000760555  -0.00211405
-0.000336944    0.0079103  -0.00827539   0.00815041    0.0214337
  0.00741505  -0.00827539    0.0803364   -0.0113917   -0.0371541
-0.000760555   0.00815041   -0.0113917    0.0122962    0.0412645
 -0.00211405    0.0214337   -0.0371541    0.0412645     0.195353
x =
   4.54743
  0.558563
   5.33921
-0.0728285
 -0.255579
P =
   0.0041534 -0.000341062   0.00584985 -0.000741632    -0.002205
-0.000341062   0.00797359  -0.00762469   0.00775842     0.019491
  0.00584985  -0.00762469       0.0567    -0.010493   -0.0342766
-0.000741632   0.00775842    -0.010493    0.0111252    0.0366815
   -0.002205     0.019491   -0.0342766    0.0366815     0.179104
x =
  4.72334
  0.68069
  5.08481
0.0549808
0.0908497
P =
  0.00397184 -0.000445212   0.00718733 -0.000703721  -0.00188888
-0.000445212   0.00836036  -0.00666936   0.00783984    0.0191216
  0.00718733  -0.00666936    0.0730986  -0.00812912   -0.0242621
-0.000703721   0.00783984  -0.00812912    0.0108595    0.0354692
 -0.00188888    0.0191216   -0.0242621    0.0354692      0.17541
x =
  4.97549
 0.678283
  5.00078
0.0434237
 0.049556
P =
  0.00400743 -0.000404093   0.00536866 -0.000705696  -0.00196651
-0.000404093   0.00835151  -0.00372761   0.00765981    0.0182419
  0.00536866  -0.00372761    0.0470793  -0.00481726   -0.0143521
-0.000705696   0.00765981  -0.00481726     0.010638    0.0347714
 -0.00196651    0.0182419   -0.0143521    0.0347714     0.174055
x =
    5.27544
   0.667592
    5.09522
  0.0223811
-0.00815446
P =
  0.00387263 -0.000494251   0.00679587 -0.000754235  -0.00196249
-0.000494251   0.00827791  -0.00290527   0.00749789    0.0175893
  0.00679587  -0.00290527    0.0664299  -0.00362712  -0.00980511
-0.000754235   0.00749789  -0.00362712    0.0105561    0.0346232
 -0.00196249    0.0175893  -0.00980511    0.0346232     0.174445
x =
  5.53647
 0.674304
  5.26205
0.0270397
0.0151764
P =
   0.0039315 -0.000545122   0.00530331 -0.000831063  -0.00223467
-0.000545122   0.00889857  -0.00272992   0.00798224    0.0186099
  0.00530331  -0.00272992    0.0457865  -0.00374033   -0.0112891
-0.000831063   0.00798224  -0.00374033    0.0110475    0.0358589
 -0.00223467    0.0186099   -0.0112891    0.0358589     0.177873
x =
  5.83506
 0.686554
   5.3264
0.0296772
0.0181304
P =
  0.00380614 -0.000529297   0.00671094 -0.000748237  -0.00187692
-0.000529297   0.00868669   -0.0020831   0.00768022    0.0178187
  0.00671094   -0.0020831    0.0655028  -0.00276746  -0.00767113
-0.000748237   0.00768022  -0.00276746    0.0107637    0.0352649
 -0.00187692    0.0178187  -0.00767113    0.0352649     0.177037
x =
   6.07754
   0.60088
    5.1479
-0.0533096
 -0.185811
P =
  0.00387651 -0.000635514   0.00526479 -0.000868615  -0.00225115
-0.000635514   0.00982345  -0.00236032   0.00861141    0.0199972
  0.00526479  -0.00236032    0.0453593  -0.00329129   -0.0100276
-0.000868615   0.00861141  -0.00329129    0.0115958    0.0372944
 -0.00225115    0.0199972   -0.0100276    0.0372944     0.182131
x =
  6.32742
 0.732906
  5.12038
0.0649511
 0.107607
P =
  0.00373863  -0.00043105   0.00663615 -0.000537722  -0.00118419
 -0.00043105    0.0091253  -0.00188448   0.00792189     0.018222
  0.00663615  -0.00188448    0.0652015  -0.00239319  -0.00682731
-0.000537722   0.00792189  -0.00239319    0.0110689    0.0360955
 -0.00118419     0.018222  -0.00682731    0.0360955     0.179637
x =
  6.57686
  0.77149
  5.08056
0.0889145
 0.149561
P =
  0.00381144 -0.000546856   0.00513815 -0.000695896  -0.00168624
-0.000546856    0.0104403  -0.00155036    0.0090973    0.0209502
  0.00513815  -0.00155036    0.0447111  -0.00218378  -0.00645138
-0.000695896    0.0090973  -0.00218378    0.0122737    0.0390307
 -0.00168624    0.0209502  -0.00645138    0.0390307     0.186887
x =
  6.82233
 0.762143
  5.07033
0.0686905
0.0867387
P =
  0.00372829  -0.00053993   0.00661178 -0.000719132  -0.00176084
 -0.00053993   0.00938956 -0.000907089   0.00813503    0.0185224
  0.00661178 -0.000907089    0.0647903  -0.00156967  -0.00427489
-0.000719132   0.00813503  -0.00156967     0.011551    0.0373025
 -0.00176084    0.0185224  -0.00427489    0.0373025     0.182879
x =
    7.06446
   0.738567
    4.90041
  0.0361027
-0.00204679
P =
   0.0038095 -0.000698392   0.00513704 -0.000899727  -0.00223525
-0.000698392    0.0110212  -0.00103112   0.00962404    0.0219606
  0.00513704  -0.00103112    0.0445539   -0.0017396  -0.00506524
-0.000899727   0.00962404   -0.0017396    0.0130403    0.0408064
 -0.00223525    0.0219606  -0.00506524    0.0408064     0.191175
x =
 7.27445
0.841065
 4.84486
0.119497
0.186157
P =
  0.00370913 -0.000531967   0.00659968 -0.000700124  -0.00163077
-0.000531967   0.00962294 -0.000606198   0.00837981    0.0188456
  0.00659968 -0.000606198    0.0646871  -0.00122907  -0.00332768
-0.000700124   0.00837981  -0.00122907    0.0121014    0.0385295
 -0.00163077    0.0188456  -0.00332768    0.0385295     0.185785
x =
  7.5752
0.848019
 5.19294
0.102205
0.122401
P =
  0.00379084 -0.000696463   0.00503235 -0.000895628  -0.00210514
-0.000696463    0.0113917  0.000190227    0.0100593    0.0226311
  0.00503235  0.000190227    0.0443177 -0.000165046 -0.000103339
-0.000895628    0.0100593 -0.000165046    0.0138546    0.0425661
 -0.00210514    0.0226311 -0.000103339    0.0425661     0.195165
x =
    7.83122
   0.806814
    5.18227
  0.0491356
-0.00932757
P =
   0.00371084  -0.000602576    0.00652522  -0.000817032   -0.00190747
 -0.000602576    0.00994871   0.000451567    0.00867609     0.0193241
   0.00652522   0.000451567     0.0645469 -5.47241e-005   0.000184294
 -0.000817032    0.00867609 -5.47241e-005     0.0125347     0.0393426
  -0.00190747     0.0193241   0.000184294     0.0393426      0.187485
x =
    8.0795
  0.820559
   5.01237
 0.0468748
-0.0211782
P =
  0.00380436 -0.000851366   0.00515261  -0.00106093  -0.00252008
-0.000851366    0.0123139 -0.000858707    0.0107662    0.0240573
  0.00515261 -0.000858707    0.0446331  -0.00168699  -0.00510273
 -0.00106093    0.0107662  -0.00168699    0.0143747    0.0434417
 -0.00252008    0.0240573  -0.00510273    0.0434417       0.1967
x =
   8.31439
  0.837976
   4.98873
 0.0519273
-0.0075746
P =
  0.00370583  -0.00061591   0.00662032 -0.000795665  -0.00179671
 -0.00061591    0.0102759 -0.000425088   0.00887413    0.0195077
  0.00662032 -0.000425088    0.0647673  -0.00119362  -0.00344044
-0.000795665   0.00887413  -0.00119362    0.0127002    0.0394935
 -0.00179671    0.0195077  -0.00344044    0.0394935     0.187657
x =
 8.58482
0.966839
 5.27715
0.154289
0.227503
P =
  0.00379712 -0.000858807    0.0051887  -0.00103719  -0.00239776
-0.000858807    0.0127486   -0.0012465    0.0111046    0.0245038
   0.0051887   -0.0012465    0.0447422  -0.00211206   -0.0062062
 -0.00103719    0.0111046  -0.00211206     0.014791    0.0442398
 -0.00239776    0.0245038   -0.0062062    0.0442398     0.198585
x =
 8.82551
 1.03072
 5.24766
0.186409
0.273808
P =
  0.00374347 -0.000816107   0.00665847   -0.0010845  -0.00261978
-0.000816107    0.0105303 -0.000449712   0.00900034    0.0196101
  0.00665847 -0.000449712    0.0648327  -0.00147681  -0.00405412
  -0.0010845   0.00900034  -0.00147681    0.0128037     0.039627
 -0.00261978    0.0196101  -0.00405412     0.039627      0.18812
x =
 9.11729
 1.07846
 5.31518
0.193868
0.257801
P =
 0.00383581 -0.00108277  0.00485378 -0.00130223 -0.00295527
-0.00108277   0.0133099  0.00209125   0.0113502   0.0248266
 0.00485378  0.00209125   0.0448805  0.00206163  0.00673749
-0.00130223   0.0113502  0.00206163   0.0147555   0.0438866
-0.00295527   0.0248266  0.00673749   0.0438866    0.197424
x =
 9.35879
 1.09679
 5.27408
0.180535
0.202121
P =
  0.00376311 -0.000912464   0.00636505  -0.00121001  -0.00280911
-0.000912464    0.0107343   0.00198733   0.00897695    0.0194115
  0.00636505   0.00198733    0.0649782   0.00151647   0.00489431
 -0.00121001   0.00897695   0.00151647    0.0126079    0.0390691
 -0.00280911    0.0194115   0.00489431    0.0390691       0.1869
x =
 9.63679
 1.19681
 5.35633
0.230392
  0.2872
P =
 0.00386902 -0.00126174  0.00468554 -0.00149015 -0.00330464
-0.00126174   0.0138632  0.00332102   0.0116647   0.0255283
 0.00468554  0.00332102   0.0453212  0.00331798  0.00994436
-0.00149015   0.0116647  0.00331798   0.0149343   0.0443845
-0.00330464   0.0255283  0.00994436   0.0443845    0.199111
x =
 9.91208
 1.34298
 5.42245
0.310132
0.427117
P =
 0.00379244  -0.0010376   0.0062208  -0.0013713 -0.00315629
 -0.0010376   0.0109295  0.00285288  0.00901623   0.0194778
  0.0062208  0.00285288   0.0652063  0.00229064  0.00671298
 -0.0013713  0.00901623  0.00229064   0.0126035   0.0391504
-0.00315629   0.0194778  0.00671298   0.0391504    0.187531
x =
 10.1501
 1.48283
 5.24816
0.391524
0.586793
P =
 0.00389727 -0.00138608  0.00416209  -0.0015999 -0.00334484
-0.00138608    0.014041  0.00718827   0.0114472   0.0246451
 0.00416209  0.00718827   0.0494396  0.00774739   0.0229866
 -0.0015999   0.0114472  0.00774739   0.0143636   0.0425619
-0.00334484   0.0246451   0.0229866   0.0425619    0.193413
x =
 10.3721
 1.53274
 5.18096
0.382313
0.506749
P =
 0.00385672 -0.00124621  0.00561868 -0.00170506 -0.00394396
-0.00124621   0.0108156  0.00572134  0.00870956   0.0185284
 0.00561868  0.00572134   0.0677829  0.00534471   0.0155159
-0.00170506  0.00870956  0.00534471   0.0122505   0.0381416
-0.00394396   0.0185284   0.0155159   0.0381416    0.184639
x =
 10.5957
 1.65034
 5.02211
0.438335
0.603635
P =
  0.0039714 -0.00164166  0.00346838 -0.00193899 -0.00399656
-0.00164166   0.0138322   0.0101951   0.0111061   0.0235759
 0.00346838   0.0101951   0.0544867    0.010963   0.0318759
-0.00193899   0.0111061    0.010963   0.0140673    0.041625
-0.00399656   0.0235759   0.0318759    0.041625    0.190415
x =
 10.8225
 1.62016
 4.89516
0.360094
0.376554
P =
 0.00389668 -0.00134572  0.00509248 -0.00190203 -0.00426207
-0.00134572   0.0106215  0.00783452  0.00848346   0.0178477
 0.00509248  0.00783452   0.0708611  0.00761401   0.0215365
-0.00190203  0.00848346  0.00761401   0.0122168   0.0379865
-0.00426207   0.0178477   0.0215365   0.0379865    0.183958
x =
 11.0958
 1.66535
  5.0713
0.325244
0.238478
P =
 0.00403553 -0.00183842  0.00317229 -0.00224401 -0.00461968
-0.00183842   0.0137911   0.0105936    0.011292   0.0241357
 0.00317229   0.0105936   0.0545032   0.0113427    0.032081
-0.00224401    0.011292   0.0113427    0.014759     0.04356
-0.00461968   0.0241357    0.032081     0.04356    0.195831
x =
  11.3847
  1.66962
  5.08315
 0.265147
0.0861455
P =
 0.00387128 -0.00129175  0.00520064 -0.00181249 -0.00380002
-0.00129175   0.0107374  0.00790844  0.00872508   0.0185185
 0.00520064  0.00790844   0.0706709  0.00772977   0.0209974
-0.00181249  0.00872508  0.00772977   0.0127314   0.0393033
-0.00380002   0.0185185   0.0209974   0.0393033    0.187335
x =
 11.6165
 1.71334
 4.99584
0.254096
0.056462
P =
 0.00403876 -0.00190032  0.00363767 -0.00228449 -0.00465801
-0.00190032   0.0143881  0.00836999   0.0120465   0.0261512
 0.00363767  0.00836999   0.0496887  0.00851314   0.0230411
-0.00228449   0.0120465  0.00851314   0.0157648   0.0462097
-0.00465801   0.0261512   0.0230411   0.0462097    0.203047
x =
  11.8444
  1.76578
  4.96832
 0.250463
0.0420188
P =
 0.00384971 -0.00125518  0.00560967 -0.00170826 -0.00346001
-0.00125518   0.0109871  0.00612551  0.00910456   0.0194517
 0.00560967  0.00612551   0.0676104    0.005542   0.0141814
-0.00170826  0.00910456    0.005542   0.0133134   0.0407276
-0.00346001   0.0194517   0.0141814   0.0407276       0.191
x =
 12.1024
 1.86568
 5.16791
0.276551
0.082704
P =
 0.00401343  -0.0018569  0.00399091 -0.00219776 -0.00440172
 -0.0018569   0.0147757  0.00682068   0.0125608   0.0271862
 0.00399091  0.00682068   0.0476125  0.00674207    0.017872
-0.00219776   0.0125608  0.00674207   0.0164839    0.047759
-0.00440172   0.0271862    0.017872    0.047759    0.206523
x =
   12.3529
    1.8618
   5.12672
  0.219183
-0.0482881
P =
 0.00386929 -0.00132342  0.00577471 -0.00177425  -0.0036622
-0.00132342   0.0112046  0.00508818  0.00935056   0.0198954
 0.00577471  0.00508818    0.066369  0.00422796   0.0105896
-0.00177425  0.00935056  0.00422796   0.0136039   0.0412469
 -0.0036622   0.0198954   0.0105896   0.0412469    0.192036
x =
   12.6136
   1.90604
   5.23526
  0.203704
-0.0817009
P =
 0.00404833 -0.00200184  0.00423124  -0.0023249 -0.00476239
-0.00200184   0.0153501  0.00529104   0.0130536   0.0281634
 0.00423124  0.00529104   0.0460893  0.00483377   0.0125438
 -0.0023249   0.0130536  0.00483377   0.0168685   0.0484723
-0.00476239   0.0281634   0.0125438   0.0484723     0.20808
x =
 12.8078
 2.08458
 5.19931
0.311685
0.153722
P =
 0.00385473 -0.00129991  0.00602188 -0.00166075 -0.00334266
-0.00129991   0.0114608  0.00390925  0.00951952   0.0201835
 0.00602188  0.00390925   0.0655323  0.00292648  0.00711641
-0.00166075  0.00951952  0.00292648   0.0136226   0.0411734
-0.00334266   0.0201835  0.00711641   0.0411734    0.191909
x =
 13.0771
 2.20376
 5.39398
0.338654
0.176549
P =
 0.00401453 -0.00191549  0.00396506 -0.00213573 -0.00417881
-0.00191549   0.0156091  0.00739117   0.0129937   0.0276053
 0.00396506  0.00739117   0.0485063  0.00749213   0.0205889
-0.00213573   0.0129937  0.00749213     0.01641   0.0468978
-0.00417881   0.0276053   0.0205889   0.0468978    0.203269
x =
 13.2794
 2.36731
 5.36075
 0.41431
0.316652
P =
 0.00390612 -0.00144551  0.00566886 -0.00185782 -0.00390363
-0.00144551   0.0115061  0.00547354  0.00933571    0.019553
 0.00566886  0.00547354   0.0669503  0.00470329   0.0125952
-0.00185782  0.00933571  0.00470329   0.0131771   0.0399343
-0.00390363    0.019553   0.0125952   0.0399343    0.188715
x =
 13.4407
 2.57449
 5.10296
0.544171
0.604173
P =
  0.0040666 -0.00205498   0.0032261 -0.00225445 -0.00435127
-0.00205498   0.0154494    0.011119   0.0123268   0.0255688
  0.0032261    0.011119   0.0547078   0.0115202   0.0321024
-0.00225445   0.0123268   0.0115202   0.0151737   0.0433939
-0.00435127   0.0255688   0.0321024   0.0433939    0.193444
x =
 13.6935
 2.65386
 5.11051
0.523071
0.496466
P =
 0.00401786 -0.00169521  0.00474488 -0.00229387 -0.00503957
-0.00169521   0.0111135  0.00817202   0.0087535   0.0178938
 0.00474488  0.00817202     0.07066  0.00753922   0.0207512
-0.00229387   0.0087535  0.00753922   0.0125716   0.0383525
-0.00503957   0.0178938   0.0207512   0.0383525    0.184569
x =
 13.9113
 2.77864
 5.12062
0.542048
0.479558
P =
 0.00417722 -0.00228418  0.00205999 -0.00258985 -0.00496683
-0.00228418   0.0145566   0.0145524   0.0112479   0.0226037
 0.00205999   0.0145524   0.0637494   0.0151624   0.0420846
-0.00258985   0.0112479   0.0151624   0.0140533   0.0402802
-0.00496683   0.0226037   0.0420846   0.0402802    0.184539
x =
 14.1397
 2.92051
 5.14942
0.567921
0.482511
P =
 0.00404839 -0.00172248  0.00404164  -0.0023683 -0.00500266
-0.00172248   0.0108093   0.0106362  0.00827166   0.0166602
 0.00404164   0.0106362   0.0762362   0.0102289   0.0279413
 -0.0023683  0.00827166   0.0102289   0.0119971    0.036812
-0.00500266   0.0166602   0.0279413    0.036812    0.180241
x =
 14.3963
 3.02654
  5.3229
 0.53224
0.305588
P =
  0.0042384 -0.00241217  0.00129632 -0.00273467 -0.00508634
-0.00241217   0.0144133   0.0169396   0.0109491   0.0219783
 0.00129632   0.0169396   0.0706322   0.0174696   0.0479303
-0.00273467   0.0109491   0.0174696     0.01365   0.0392392
-0.00508634   0.0219783   0.0479303   0.0392392    0.181494
x =
 14.6132
 3.05227
 5.15791
0.471965
0.152848
P =
 0.00406096 -0.00174578  0.00364453 -0.00236774 -0.00481852
-0.00174578   0.0108459    0.012226  0.00813589   0.0164675
 0.00364453    0.012226   0.0801254   0.0116887   0.0313813
-0.00236774  0.00813589   0.0116887   0.0116543   0.0359427
-0.00481852   0.0164675   0.0313813   0.0359427    0.177805
x =
 14.8407
 3.23029
 5.31828
0.517086
0.214624
P =
 0.00433074 -0.00266939  0.00139141 -0.00303919 -0.00592616
-0.00266939   0.0149708   0.0156469   0.0116614   0.0245088
 0.00139141   0.0156469   0.0640019   0.0158018   0.0428381
-0.00303919   0.0116614   0.0158018    0.014626   0.0425628
-0.00592616   0.0245088   0.0428381   0.0425628    0.192162
x =
 15.0488
 3.43696
 5.38212
0.586963
0.337977
P =
 0.00412585 -0.00189917  0.00376847 -0.00257123 -0.00537701
-0.00189917   0.0110485   0.0110835  0.00847201    0.017665
 0.00376847   0.0110835   0.0755681   0.0101689   0.0266286
-0.00257123  0.00847201   0.0101689   0.0122335   0.0378356
-0.00537701    0.017665   0.0266286   0.0378356    0.183591
x =
 15.2497
 3.63726
 5.32356
0.660346
0.492418
P =
 0.00436647  -0.0027434 0.000784939 -0.00302031 -0.00559791
 -0.0027434   0.0149854   0.0177743   0.0113081   0.0231373
0.000784939   0.0177743   0.0709004   0.0177468   0.0480598
-0.00302031   0.0113081   0.0177468   0.0137883   0.0396087
-0.00559791   0.0231373   0.0480598   0.0396087    0.181836
x =
 15.4659
 3.80925
 5.34741
0.686167
0.494352
P =
 0.00423179  -0.0020737  0.00292497 -0.00279544 -0.00584601
 -0.0020737   0.0108858   0.0125892  0.00807927   0.0164129
 0.00292497   0.0125892   0.0797287   0.0115526   0.0306011
-0.00279544  0.00807927   0.0115526   0.0115941   0.0357675
-0.00584601   0.0164129   0.0306011   0.0357675    0.176838
x =
 15.6779
 3.94249
 5.30822
0.680979
0.430084
P =
  0.00446018  -0.00286012 -0.000289866  -0.00308683  -0.00544754
 -0.00286012     0.014398     0.020022    0.0102998    0.0201289
-0.000289866     0.020022    0.0807775    0.0194903     0.052422
 -0.00308683    0.0102998    0.0194903    0.0123389    0.0352484
 -0.00544754    0.0201289     0.052422    0.0352484      0.16865
x =
 15.9087
 4.05029
 5.24779
0.653842
0.333784
P =
 0.00424829 -0.00206498  0.00227062 -0.00273518 -0.00546109
-0.00206498   0.0106272   0.0143113  0.00749998    0.014808
 0.00227062   0.0143113   0.0860242   0.0130217   0.0344745
-0.00273518  0.00749998   0.0130217   0.0106498   0.0330748
-0.00546109    0.014808   0.0344745   0.0330748    0.169071
x =
 16.1005
 4.21649
 5.12049
0.695545
0.429961
P =
  0.00456325  -0.00306475 -0.000722435  -0.00332012  -0.00604406
 -0.00306475    0.0145122    0.0202968    0.0104393    0.0210637
-0.000722435    0.0202968    0.0801774    0.0196403    0.0530139
 -0.00332012    0.0104393    0.0196403    0.0126112    0.0366048
 -0.00604406    0.0210637    0.0530139    0.0366048     0.173836
x =
 16.2945
 4.40815
   5.164
0.733211
0.462545
P =
 0.00429977 -0.00215143  0.00201652 -0.00288098 -0.00582132
-0.00215143   0.0105973    0.014376  0.00754354   0.0152117
 0.00201652    0.014376   0.0852951   0.0130413   0.0343612
-0.00288098  0.00754354   0.0130413    0.010928   0.0341759
-0.00582132   0.0152117   0.0343612   0.0341759    0.172771
x =
 16.5084
 4.56869
 5.22524
0.727963
0.379261
P =
 0.00458969 -0.00306618 -0.00123625 -0.00331231 -0.00581021
-0.00306618   0.0141673   0.0213551  0.00999789   0.0197916
-0.00123625   0.0213551   0.0858507   0.0205626   0.0551353
-0.00331231  0.00999789   0.0205626   0.0121182   0.0349896
-0.00581021   0.0197916   0.0551353   0.0349896    0.168192
x =
 16.6881
  4.7204
  5.1707
 0.73643
0.358188
P =
 0.00433182 -0.00217998  0.00157803   -0.002914 -0.00577212
-0.00217998   0.0104728   0.0152616  0.00730805   0.0145663
 0.00157803   0.0152616   0.0889055   0.0137627   0.0360895
  -0.002914  0.00730805   0.0137627   0.0106003   0.0331046
-0.00577212   0.0145663   0.0360895   0.0331046    0.169069
x =
 16.8334
 4.92175
  4.9644
0.822458
0.588583
P =
 0.00467682 -0.00321616 -0.00170868 -0.00347901 -0.00616851
-0.00321616   0.0142013   0.0218769   0.0100228   0.0200456
-0.00170868   0.0218769    0.087167   0.0209621   0.0560515
-0.00347901   0.0100228   0.0209621   0.0121708   0.0352058
-0.00616851   0.0200456   0.0560515   0.0352058    0.168812
x =
 16.9864
 5.15411
 5.03721
0.885934
0.656321
P =
 0.00442814 -0.00230629 0.000954259  -0.0031516 -0.00634447
-0.00230629   0.0103141    0.015558  0.00720093   0.0143248
0.000954259    0.015558    0.089579   0.0140616   0.0367407
 -0.0031516  0.00720093   0.0140616   0.0107166   0.0334259
-0.00634447   0.0143248   0.0367407   0.0334259    0.169823
x =
 17.1636
 5.30891
 5.01649
0.874879
0.546145
P =
 0.00468107 -0.00308828 -0.00252823 -0.00330231 -0.00528464
-0.00308828   0.0132709   0.0231542  0.00876059   0.0161473
-0.00252823   0.0231542   0.0986437   0.0215243   0.0562585
-0.00330231  0.00876059   0.0215243   0.0105882   0.0301209
-0.00528464   0.0161473   0.0562585   0.0301209    0.152607
x =
 17.3207
 5.47627
 4.96509
0.886787
0.517213
P =
 0.00442827 -0.00223364 0.000242642 -0.00303903 -0.00577236
-0.00223364  0.00992902   0.0169734  0.00648782   0.0122178
0.000242642   0.0169734   0.0977911   0.0149197   0.0385157
-0.00303903  0.00648782   0.0149197  0.00965337   0.0301244
-0.00577236   0.0122178   0.0385157   0.0301244    0.159663
x =
 17.4831
 5.62745
 4.88452
0.885557
0.467649
P =
 0.00477554 -0.00321486 -0.00328164 -0.00345866 -0.00561788
-0.00321486    0.013172   0.0240013  0.00862625    0.016204
-0.00328164   0.0240013    0.102231   0.0221321    0.058011
-0.00345866  0.00862625   0.0221321   0.0104966   0.0302025
-0.00561788    0.016204    0.058011   0.0302025    0.153673
x =
 17.6831
 5.71794
 4.73275
0.833035
0.323032
P =
  0.00445979  -0.00226648 -0.000183276  -0.00310751  -0.00587989
 -0.00226648   0.00986564     0.017536   0.00640166    0.0122287
-0.000183276     0.017536    0.0997628    0.0153439    0.0395139
 -0.00310751   0.00640166    0.0153439   0.00964432     0.030304
 -0.00587989    0.0122287    0.0395139     0.030304      0.16064
x =
  17.831
 5.90152
  4.6806
0.867656
0.388073
P =
 0.00489305 -0.00339892 -0.00344505 -0.00381107 -0.00667991
-0.00339892   0.0132641   0.0232191  0.00910814    0.018161
-0.00344505   0.0232191   0.0960086   0.0220651    0.058489
-0.00381107  0.00910814   0.0220651   0.0115371    0.033677
-0.00667991    0.018161    0.058489    0.033677    0.164746
x =
 17.9991
 6.10455
 4.74599
0.891636
 0.39799
P =
  0.00452361  -0.00235677 -0.000171438  -0.00335221  -0.00654593
 -0.00235677    0.0098721    0.0168553   0.00673099    0.0133924
-0.000171438    0.0168553    0.0953832    0.0151335    0.0389022
 -0.00335221   0.00673099    0.0151335    0.0105319    0.0329613
 -0.00654593    0.0133924    0.0389022    0.0329613     0.168378
x =
 18.1533
 6.30817
  4.8282
0.909517
 0.37235
P =
 0.00493361  -0.0034423 -0.00380903 -0.00389943 -0.00667048
 -0.0034423   0.0131667   0.0236551  0.00910203   0.0178637
-0.00380903   0.0236551   0.0988314    0.022675   0.0592279
-0.00389943  0.00910203    0.022675   0.0116314   0.0333477
-0.00667048   0.0178637   0.0592279   0.0333477    0.162141
x =
 18.2635
 6.57909
  4.9542
0.989013
0.491377
P =
  0.00460989  -0.00245332 -0.000623312  -0.00350426  -0.00677636
 -0.00245332   0.00982898    0.0171999   0.00670017    0.0131378
-0.000623312    0.0171999    0.0970864    0.0154514    0.0392786
 -0.00350426   0.00670017    0.0154514    0.0105188    0.0325006
 -0.00677636    0.0131378    0.0392786    0.0325006     0.166031
x =
 18.3957
 6.79643
 4.97371
  1.0189
0.502106
P =
 0.00496924 -0.00342398 -0.00455254 -0.00373463 -0.00578456
-0.00342398   0.0128069   0.0247903  0.00831745   0.0151683
-0.00455254   0.0247903    0.107768    0.022738    0.057751
-0.00373463  0.00831745    0.022738   0.0102845   0.0288596
-0.00578456   0.0151683    0.057751   0.0288596    0.148002
x =
 18.5537
 6.90082
 4.77109
0.973462
0.371693
P =
 0.00469892 -0.00250458 -0.00159736  -0.0034826 -0.00646872
-0.00250458  0.00958298   0.0181743  0.00608622   0.0112499
-0.00159736   0.0181743    0.103182   0.0156832    0.039364
 -0.0034826  0.00608622   0.0156832  0.00943126   0.0291922
-0.00646872   0.0112499    0.039364   0.0291922    0.156383
x =
 18.7095
 7.09994
 4.86787
0.963095
0.269126
P =
 0.00518436 -0.00368654 -0.00546147 -0.00404703 -0.00659105
-0.00368654   0.0127651   0.0249367  0.00829526    0.015546
-0.00546147   0.0249367    0.107575   0.0228426   0.0586888
-0.00404703  0.00829526   0.0228426   0.0103936   0.0296876
-0.00659105    0.015546   0.0586888   0.0296876    0.151872
x =
 18.9217
 7.21636
 4.75031
0.897698
0.121013
P =
 0.00474903 -0.00256342 -0.00173391 -0.00355051 -0.00661832
-0.00256342  0.00959236   0.0182212   0.0061106   0.0116076
-0.00173391   0.0182212    0.102691    0.015672   0.0395325
-0.00355051   0.0061106    0.015672  0.00954695   0.0298829
-0.00661832   0.0116076   0.0395325   0.0298829    0.159315
x =
 19.0123
 7.39987
 4.54054
0.957535
0.302787
P =
 0.00535404 -0.00392887 -0.00534951 -0.00443661 -0.00781093
-0.00392887   0.0129711   0.0237545  0.00887805    0.017771
-0.00534951   0.0237545   0.0984516   0.0224822   0.0589343
-0.00443661  0.00887805   0.0224822    0.011478   0.0333652
-0.00781093    0.017771   0.0589343   0.0333652    0.163692
x =
 19.0792
 7.72136
 4.76532
 1.07508
0.504785
P =
 0.00482832 -0.00266437 -0.00155223 -0.00380387 -0.00733884
-0.00266437  0.00958454   0.0171893  0.00645178   0.0127993
-0.00155223   0.0171893   0.0965562   0.0153132   0.0389281
-0.00380387  0.00645178   0.0153132    0.010475   0.0327258
-0.00733884   0.0127993   0.0389281   0.0327258    0.167692
x =
 19.2091
 7.91415
 4.78705
 1.06609
0.401391
P =
  0.0052183 -0.00363314 -0.00563094 -0.00396441 -0.00600661
-0.00363314   0.0122782   0.0245221  0.00779373    0.014044
-0.00563094   0.0245221    0.109468    0.022321   0.0563956
-0.00396441  0.00779373    0.022321  0.00991297   0.0279409
-0.00600661    0.014044   0.0563956   0.0279409    0.145501
x =
 19.2799
 8.14773
 4.81021
 1.11771
0.458497
P =
 0.00483913 -0.00259553 -0.00234433   -0.003626 -0.00656016
-0.00259553  0.00925971   0.0182286  0.00574031    0.010517
-0.00234433   0.0182286     0.10483   0.0155985   0.0389417
  -0.003626  0.00574031   0.0155985  0.00928002   0.0288306
-0.00656016    0.010517   0.0389417   0.0288306    0.155314
x =
 19.3842
 8.35045
 4.83788
 1.11383
0.358111
P =
 0.00530497 -0.00367864 -0.00656536 -0.00391172 -0.00568454
-0.00367864   0.0120282   0.0254628  0.00724878   0.0126495
-0.00656536   0.0254628    0.116789   0.0223524   0.0560507
-0.00391172  0.00724878   0.0223524  0.00909353   0.0257134
-0.00568454   0.0126495   0.0560507   0.0257134    0.139554
x =
 19.4871
 8.47858
 4.63743
 1.09222
0.286985
P =
 0.00489485 -0.00261596 -0.00310053   -0.003581 -0.00635451
-0.00261596  0.00912198   0.0189894  0.00534409   0.0095708
-0.00310053   0.0189894    0.109619   0.0157252   0.0391864
  -0.003581  0.00534409   0.0157252  0.00864111   0.0272042
-0.00635451   0.0095708   0.0391864   0.0272042    0.151248
x =
 19.5831
  8.6744
 4.56738
 1.11727
0.337486
P =
 0.00549654 -0.00388988 -0.00726974 -0.00421317 -0.00665377
-0.00388988   0.0120537   0.0254926  0.00739805   0.0137392
-0.00726974   0.0254926    0.115223   0.0227179   0.0583195
-0.00421317  0.00739805   0.0227179  0.00951133   0.0275605
-0.00665377   0.0137392   0.0583195   0.0275605    0.146217
x =
 19.7501
  8.8455
 4.52715
 1.08261
0.243055
P =
 0.00496995  -0.0026882 -0.00341558 -0.00375684 -0.00689099
 -0.0026882  0.00908079   0.0188692  0.00542926   0.0101684
-0.00341558   0.0188692    0.108144   0.0159481   0.0402405
-0.00375684  0.00542926   0.0159481  0.00906916   0.0287743
-0.00689099   0.0101684   0.0402405   0.0287743     0.15632
x =
 19.8256
 9.06002
 4.46706
 1.13617
0.375059
P =
  0.0056254  -0.0040239 -0.00757951 -0.00450085 -0.00748419
 -0.0040239   0.0120277   0.0251312  0.00765138   0.0147989
-0.00757951   0.0251312    0.112417     0.02314   0.0599365
-0.00450085  0.00765138     0.02314   0.0101811   0.0296224
-0.00748419   0.0147989   0.0599365   0.0296224    0.152086
x =
 19.9462
 9.31177
  4.5895
 1.16067
0.387833
P =
 0.00507751 -0.00278169 -0.00369263 -0.00401157 -0.00754965
-0.00278169  0.00901598   0.0185371  0.00557877   0.0107238
-0.00369263   0.0185371     0.10608   0.0161643   0.0408388
-0.00401157  0.00557877   0.0161643  0.00964768   0.0303613
-0.00754965   0.0107238   0.0408388   0.0303613    0.160402
x =
 19.9884
 9.53732
 4.51666
 1.24119
0.577616
P =
 0.00566414 -0.00400663 -0.00814045 -0.00444031 -0.00695593
-0.00400663   0.0117625    0.025515  0.00727634   0.0134418
-0.00814045    0.025515    0.117671   0.0231637   0.0585009
-0.00444031  0.00727634   0.0231637  0.00967075   0.0275467
-0.00695593   0.0134418   0.0585009   0.0275467    0.144519
x =
 20.0602
 9.80016
 4.62827
 1.28845
0.611397
P =
 0.00519033 -0.00282929 -0.00459434 -0.00407841 -0.00747954
-0.00282929  0.00879509   0.0188687  0.00522643  0.00959567
-0.00459434   0.0188687    0.109884   0.0162752   0.0404877
-0.00407841  0.00522643   0.0162752  0.00921737   0.0287586
-0.00747954  0.00959567   0.0404877   0.0287586    0.154949
x =
 20.1244
 10.0554
 4.77941
 1.29588
0.480512
P =
 0.00565716 -0.00384804 -0.00890478 -0.00406429 -0.00545666
-0.00384804   0.0111345   0.0258173  0.00615263    0.010052
-0.00890478   0.0258173    0.127206   0.0217015   0.0524491
-0.00406429  0.00615263   0.0217015  0.00805136   0.0225757
-0.00545666    0.010052   0.0524491   0.0225757    0.129741
x =
 20.1583
 10.3571
 4.94326
 1.35957
0.547093
P =
 0.00521455 -0.00275598 -0.00537918 -0.00380891  -0.0065015
-0.00275598  0.00852088   0.0195449  0.00447014  0.00749138
-0.00537918   0.0195449    0.117288   0.0154876   0.0375753
-0.00380891  0.00447014   0.0154876  0.00790399   0.0249946
 -0.0065015  0.00749138   0.0375753   0.0249946    0.144424
x =
 20.1659
 10.6086
 4.92678
 1.43048
0.673469
P =
 0.00572848 -0.00382843 -0.00986057 -0.00373679 -0.00432548
-0.00382843   0.0108252   0.0264562  0.00528639  0.00794396
-0.00986057   0.0264562    0.135353    0.020225   0.0480166
-0.00373679  0.00528639    0.020225  0.00664635   0.0188727
-0.00432548  0.00794396   0.0480166   0.0188727    0.119687
x =
 20.2171
 10.8889
 5.01594
 1.46256
0.668892
P =
 0.00530452 -0.00275365 -0.00663373 -0.00358323 -0.00581389
-0.00275365   0.0082609   0.0200075  0.00374959  0.00580086
-0.00663373   0.0200075     0.12312   0.0146416   0.0354941
-0.00358323  0.00374959   0.0146416  0.00674556   0.0220987
-0.00581389  0.00580086   0.0354941   0.0220987    0.136937
x =
 20.2421
 11.1632
 5.12151
 1.47356
0.547557
P =
 0.00583503 -0.00380878  -0.0109483 -0.00342048 -0.00337558
-0.00380878   0.0104085   0.0266227  0.00436255  0.00594077
 -0.0109483   0.0266227    0.142613   0.0181965    0.042459
-0.00342048  0.00436255   0.0181965  0.00542877   0.0159191
-0.00337558  0.00594077    0.042459   0.0159191    0.111442
x =
 20.2836
 11.3863
 5.04082
 1.48352
0.521698
P =
 0.00533819 -0.00271047 -0.00742294  -0.0032868 -0.00505656
-0.00271047  0.00807058   0.0204099  0.00309803  0.00445796
-0.00742294   0.0204099    0.128634   0.0133222   0.0321692
 -0.0032868  0.00309803   0.0133222  0.00574941   0.0197273
-0.00505656  0.00445796   0.0321692   0.0197273    0.130479
x =
 20.2169
 11.6511
 5.00449
 1.60563
0.835988
P =
 0.00603273  -0.0039373  -0.0120664 -0.00339141 -0.00362439
 -0.0039373   0.0103023   0.0269734  0.00404311  0.00610464
 -0.0120664   0.0269734    0.146107   0.0176708   0.0432048
-0.00339141  0.00404311   0.0176708  0.00506681   0.0156371
-0.00362439  0.00610464   0.0432048   0.0156371    0.110823
x =
 20.2976
 11.8639
 4.88308
 1.59226
0.746549
P =
  0.0054985  -0.0027804 -0.00870586 -0.00329478 -0.00530979
 -0.0027804  0.00787404   0.0203376  0.00276522  0.00416772
-0.00870586   0.0203376    0.130733   0.0130702   0.0327525
-0.00329478  0.00276522   0.0130702  0.00551279   0.0195376
-0.00530979  0.00416772   0.0327525   0.0195376    0.129875
x =
 20.3321
 12.0967
 4.92361
 1.53704
0.378861
P =
 0.00615124 -0.00391849   -0.013026 -0.00321625  -0.0032221
-0.00391849   0.0099074   0.0266723  0.00340928  0.00489147
  -0.013026   0.0266723    0.150634   0.0160144   0.0382839
-0.00321625  0.00340928   0.0160144  0.00449726   0.0142299
 -0.0032221  0.00489147   0.0382839   0.0142299    0.105754
x =
  20.316
 12.3971
 5.06994
 1.57407
0.406025
P =
 0.00542989 -0.00270559 -0.00870488 -0.00305678 -0.00472468
-0.00270559  0.00781485   0.0207027  0.00241837  0.00362328
-0.00870488   0.0207027     0.13449   0.0118734   0.0291023
-0.00305678  0.00241837   0.0118734  0.00506024   0.0183438
-0.00472468  0.00362328   0.0291023   0.0183438    0.125606
x =
 20.2603
 12.6378
  4.9824
 1.66586
0.674698
P =
  0.0062468  -0.0040032  -0.0135639 -0.00323262 -0.00363947
 -0.0040032  0.00993055    0.026983  0.00339798  0.00577127
 -0.0135639    0.026983    0.151541   0.0162009   0.0409414
-0.00323262  0.00339798   0.0162009  0.00444356   0.0144111
-0.00363947  0.00577127   0.0409414   0.0144111    0.105925
x =
  20.297
 12.8542
  4.8738
 1.66321
0.614907
P =
 0.00559735 -0.00279228 -0.00977342 -0.00314152 -0.00516335
-0.00279228  0.00767825   0.0204551  0.00231045  0.00382166
-0.00977342   0.0204551    0.134473   0.0120832   0.0307718
-0.00314152  0.00231045   0.0120832  0.00502219   0.0183891
-0.00516335  0.00382166   0.0307718   0.0183891    0.125326
x =
 20.2919
 13.0774
 4.82027
 1.67709
0.574794
P =
 0.00637471 -0.00401199  -0.0143766 -0.00315938 -0.00345347
-0.00401199   0.0096508   0.0266517  0.00301888  0.00496531
 -0.0143766   0.0266517    0.154148   0.0151082   0.0370402
-0.00315938  0.00301888   0.0151082  0.00415669   0.0136064
-0.00345347  0.00496531   0.0370402   0.0136064    0.102988
x =
 20.2634
 13.2749
 4.71709
 1.70163
0.568103
P =
  0.0056179 -0.00277191  -0.0101668 -0.00304039 -0.00487799
-0.00277191   0.0075642   0.0204599  0.00204474  0.00327245
 -0.0101668   0.0204599    0.136708   0.0112416   0.0278777
-0.00304039  0.00204474   0.0112416  0.00479438   0.0177242
-0.00487799  0.00327245   0.0278777   0.0177242    0.122932
x =
 20.2282
 13.5071
 4.73895
 1.71268
0.482751
P =
 0.00645267 -0.00402043  -0.0149005 -0.00312903 -0.00351144
-0.00402043  0.00949569    0.026546  0.00279886  0.00475598
 -0.0149005    0.026546    0.155817   0.0145063    0.035676
-0.00312903  0.00279886   0.0145063  0.00406464   0.0135123
-0.00351144  0.00475598    0.035676   0.0135123    0.102836
x =
 20.2064
 13.7737
 4.81158
 1.73124
0.473721
P =
 0.00566534 -0.00276927   -0.010583 -0.00302699 -0.00491408
-0.00276927  0.00747491   0.0204243   0.0018658  0.00303159
  -0.010583   0.0204243    0.137944   0.0107912    0.026745
-0.00302699   0.0018658   0.0107912  0.00475926     0.01771
-0.00491408  0.00303159    0.026745     0.01771    0.122889
x =
  20.153
 13.9953
 4.76157
 1.77774
0.566708
P =
 0.00655119 -0.00405048  -0.0154935 -0.00309802 -0.00347487
-0.00405048   0.0093649   0.0264229  0.00262751   0.0046377
