
C:\Users\mario.capin\Documents\Visual Studio 2013\Projects\CarND\CarND-Unscented
-Kalman-Filter-Project\Debug>CarND-Unscented-Kalman-Filter-Project.exe "C:\Users
\mario.capin\Documents\Visual Studio 2013\Projects\CarND\CarND-Unscented-Kalman-
Filter-Project\CarND-Unscented-Kalman-Filter-Project\data\obj_pose-laser-radar-s
ynthetic-input.txt" "C:\Users\mario.capin\Documents\Visual Studio 2013\Projects\
CarND\CarND-Unscented-Kalman-Filter-Project\CarND-Unscented-Kalman-Filter-Projec
t\data\output.txt"
UKF:
x =
     0.67473
    0.521529
     8.86784
1.86563e-017
2.61216e-017
P =
     0.634841      0.332661    -0.0373695 -9.18064e-019 -4.88786e-019
     0.332661      0.500417    -0.0228217 -9.67839e-019 -8.98535e-019
   -0.0373695    -0.0228217       0.42332 -4.34484e-018   -2.593e-017
-9.18064e-019 -9.67839e-019 -4.34484e-018       1.00391       0.10625
-4.88786e-019 -8.98535e-019   -2.593e-017       0.10625          3.25
x =
   1.16444
  0.488434
   8.89205
-0.0515755
-0.0170739
P =
  0.0215593 0.000569864  0.00225231 -0.00399279  -0.0013218
0.000569864   0.0212297 -0.00230272  0.00890036  0.00294643
 0.00225231 -0.00230272     2.66698   0.0161342  0.00534116
-0.00399279  0.00890036   0.0161342    0.961702    0.304356
 -0.0013218  0.00294643  0.00534116    0.304356     5.49317
x =
 1.25688
0.509473
 8.80505
0.140941
0.145072
P =
  0.0183729  0.00575079   -0.055465 -0.00997228  -0.0193766
 0.00575079  0.00562562    -0.01778  -0.0170962  0.00460672
  -0.055465    -0.01778     4.05101   -0.234641   -0.210435
-0.00997228  -0.0170962   -0.234641    0.245688    0.182415
 -0.0193766  0.00460672   -0.210435    0.182415     7.46621
x =
 1.64183
0.592745
 8.76536
0.255357
0.340238
P =
  0.0129166 -0.00141729    0.082552  -0.0106283  -0.0121304
-0.00141729   0.0126175  -0.0242319   0.0353318   0.0633224
   0.082552  -0.0242319     5.45262  -0.0145827    0.139369
 -0.0106283   0.0353318  -0.0145827    0.131421    0.350092
 -0.0121304   0.0633224    0.139369    0.350092      9.2625
x =
  1.86227
  0.57239
  5.79573
  0.11933
-0.211567
P =
  0.0117001   0.0022818 -0.00300724 -0.00027357 -0.00401504
  0.0022818  0.00475979 0.000987421  0.00662435   0.0199654
-0.00300724 0.000987421     0.22967  -0.0020226   -0.164013
-0.00027357  0.00662435  -0.0020226   0.0305053    0.417196
-0.00401504   0.0199654   -0.164013    0.417196     10.2243
x =
    2.16068
   0.621972
    5.88493
   0.138266
-0.00818599
P =
 0.00844949 0.000633821   0.0400378 -0.00289276  -0.0267139
0.000633821  0.00834036  0.00272812   0.0179271    0.130687
  0.0400378  0.00272812     2.36412 -0.00769054   -0.129437
-0.00289276   0.0179271 -0.00769054   0.0761832    0.816091
 -0.0267139    0.130687   -0.129437    0.816091     11.2371
x =
 2.36527
0.665449
 5.44984
0.183715
0.329504
P =
 0.00889136  0.00123012  0.00543045 -0.00245857  -0.0247509
 0.00123012  0.00515806 -0.00363477   0.0103849   0.0655857
 0.00543045 -0.00363477    0.326886  -0.0334567   -0.357805
-0.00245857   0.0103849  -0.0334567   0.0596345    0.594652
 -0.0247509   0.0655857   -0.357805    0.594652     7.96235
x =
   2.63418
  0.691563
   5.52542
  0.140749
-0.0493203
P =
  0.00803305 -0.000582015    0.0506567  -0.00653264   -0.0456503
-0.000582015   0.00980507   0.00118787    0.0236713     0.147892
   0.0506567   0.00118787      2.39945    -0.026867    -0.187913
 -0.00653264    0.0236713    -0.026867    0.0922549     0.745597
  -0.0456503     0.147892    -0.187913     0.745597      8.29909
x =
    2.91137
   0.660476
    5.67495
-0.00900064
  -0.855074
P =
  0.0084998 0.000369639  0.00573725 -0.00361713  -0.0245973
0.000369639  0.00652623 -0.00378159   0.0134485   0.0726849
 0.00573725 -0.00378159    0.253689  -0.0279107   -0.253293
-0.00361713   0.0134485  -0.0279107   0.0586969    0.500995
 -0.0245973   0.0726849   -0.253293    0.500995     6.61281
x =
   3.12626
  0.647008
   5.30478
-0.0420743
 -0.810491
P =
  0.00746109 -0.000402727    0.0493962  -0.00313078   -0.0162353
-0.000402727    0.0109987   -0.0059731    0.0232996     0.130163
   0.0493962   -0.0059731      2.33681   -0.0154448    -0.117045
 -0.00313078    0.0232996   -0.0154448    0.0784971     0.618735
  -0.0162353     0.130163    -0.117045     0.618735      7.36094
x =
  3.42773
 0.511963
  5.94643
-0.319138
 -2.03087
P =
 0.00813666 3.3997e-005  0.00659567 -0.00230603  -0.0185469
3.3997e-005    0.007946  -0.0163474   0.0154928   0.0795927
 0.00659567  -0.0163474     0.30493  -0.0721356   -0.642491
-0.00230603   0.0154928  -0.0721356   0.0612601    0.517943
 -0.0185469   0.0795927   -0.642491    0.517943     6.80771
x =
  3.75289
 0.359369
  6.48313
-0.504978
 -2.45533
P =
 0.00708729 0.000403419   0.0452439  0.00153592   0.0123857
0.000403419   0.0119476  -0.0308445   0.0235751    0.128791
  0.0452439  -0.0308445     2.33866  -0.0423253   -0.315572
 0.00153592   0.0235751  -0.0423253    0.078425    0.624106
  0.0123857    0.128791   -0.315572    0.624106     7.46636
x =
  4.04511
 0.530829
  4.99013
-0.058706
 0.423541
P =
  0.00757439 -0.000152711   0.00775513 -0.000703198   -0.0234656
-0.000152711    0.0102056   -0.0625984    0.0158727    0.0772504
  0.00775513   -0.0625984      1.15391    -0.188359     -1.65421
-0.000703198    0.0158727    -0.188359    0.0473808     0.394054
  -0.0234656    0.0772504     -1.65421     0.394054       5.7755
x =
  4.28734
 0.541545
  4.89823
0.0164401
 0.680509
P =
 0.00756321 -0.00184744   0.0665137 -0.00568689  -0.0457957
-0.00184744    0.011334  -0.0523316   0.0191796   0.0978008
  0.0665137  -0.0523316     2.77243   -0.135658   -0.877414
-0.00568689   0.0191796   -0.135658   0.0643214    0.533557
 -0.0457957   0.0978008   -0.877414    0.533557     6.90635
x =
 4.53868
0.615751
 5.34522
0.188431
 1.41319
P =
  0.0081777 -0.00122178  0.00673666 -0.00454378  -0.0317366
-0.00122178   0.0107059  -0.0077177   0.0199982     0.10433
 0.00673666  -0.0077177    0.187018  -0.0272364   -0.205505
-0.00454378   0.0199982  -0.0272364   0.0783141     0.63256
 -0.0317366     0.10433   -0.205505     0.63256     7.57483
x =
 4.62163
0.829073
 4.45846
0.628422
 3.42982
P =
  0.0075912 -0.00166544   0.0480915 -0.00600643  -0.0359067
-0.00166544   0.0124653   0.0038814   0.0249094    0.130127
  0.0480915   0.0038814     2.28166  -0.0142644  -0.0693754
-0.00600643   0.0249094  -0.0142644   0.0930523    0.704682
 -0.0359067    0.130127  -0.0693754    0.704682      7.9114
x =
 4.90916
 0.77824
 4.84641
0.311382
0.934494
P =
 0.00772469 -0.00057731 -0.00219136 -0.00336494 -0.00462509
-0.00057731   0.0120606   0.0584826   0.0228237    0.110922
-0.00219136   0.0584826    0.826061    0.211922     1.58837
-0.00336494   0.0228237    0.211922   0.0852322    0.619614
-0.00462509    0.110922     1.58837    0.619614     7.20668
x =
  5.24464
 0.735417
   5.1105
0.0855774
-0.257541
P =
    0.0069991 -3.64143e-005     0.0465903    -0.0013358    0.00142211
-3.64143e-005     0.0133621     0.0584097      0.025892      0.126643
    0.0465903     0.0584097       2.56406      0.130141      0.776117
   -0.0013358      0.025892      0.130141     0.0931186      0.677443
   0.00142211      0.126643      0.776117      0.677443       7.70146
x =
   5.49369
   0.71663
   5.75221
-0.0129397
 -0.669921
P =
  0.00791804 -0.000467399    0.0052122  -0.00266787   -0.0113444
-0.000467399    0.0150981   0.00100475    0.0294827     0.142919
   0.0052122   0.00100475     0.282066   -0.0198109    -0.186034
 -0.00266787    0.0294827   -0.0198109     0.102973     0.736305
  -0.0113444     0.142919    -0.186034     0.736305      8.08877
x =
   5.84652
  0.705239
   6.33806
-0.0599164
 -0.710132
P =
  0.00739206 -0.000258485    0.0504474  -0.00127965  -0.00403815
-0.000258485    0.0148431  -0.00158727    0.0279753     0.135423
   0.0504474  -0.00158727      2.36283   -0.0158747    -0.129164
 -0.00127965    0.0279753   -0.0158747     0.095693     0.700939
 -0.00403815     0.135423    -0.129164     0.700939      7.93869
x =
  6.09706
 0.506622
  5.87605
-0.413069
 -2.29365
P =
 0.00827941 -0.00105203  0.00879832 -0.00331685  -0.0231556
-0.00105203   0.0193542  -0.0348838   0.0342231    0.166918
 0.00879832  -0.0348838    0.505865   -0.107031   -0.789933
-0.00331685   0.0342231   -0.107031   0.0996135    0.715609
 -0.0231556    0.166918   -0.789933    0.715609     7.97471
x =
 6.35835
0.770688
 5.03437
0.146085
0.919217
P =
0.00754194 0.00074269  0.0469588 0.00406463  0.0272141
0.00074269  0.0154798 -0.0335112  0.0265001   0.126291
 0.0469588 -0.0335112    2.46923 -0.0400687  -0.305465
0.00406463  0.0265001 -0.0400687  0.0893146   0.675142
 0.0272141   0.126291  -0.305465   0.675142    7.84214
x =
 6.60917
0.819991
 5.38433
0.210431
0.998556
P =
  0.0081327 0.000593287  0.00630766  0.00164676  0.00687969
0.000593287   0.0190012  0.00530006   0.0352879    0.171181
 0.00630766  0.00530006    0.280331   0.0312346    0.240785
 0.00164676   0.0352879   0.0312346    0.116636    0.823677
 0.00687969    0.171181    0.240785    0.823677     8.61995
x =
  6.83054
 0.768013
  5.15666
 0.058389
0.0630251
P =
  0.00755915 -0.000487106    0.0488198  -0.00281232   -0.0196006
-0.000487106    0.0153583    0.0110458    0.0286135     0.135221
   0.0488198    0.0110458      2.35827    0.0143788      0.12458
 -0.00281232    0.0286135    0.0143788     0.105796     0.759949
  -0.0196006     0.135221      0.12458     0.759949      8.25398
x =
   7.09374
  0.706132
   5.15107
-0.0941979
 -0.695364
P =
 0.00844767 -0.00124654  0.00645101 -0.00471731   -0.028188
-0.00124654   0.0210602 -0.00519686     0.04089    0.194808
 0.00645101 -0.00519686    0.353426  -0.0248255   -0.176567
-0.00471731     0.04089  -0.0248255    0.132883    0.888632
  -0.028188    0.194808   -0.176567    0.888632     8.87004
x =
 7.25894
0.876162
 4.65225
0.245297
0.999396
P =
  0.00772773 -0.000223186    0.0517664 -0.000332579  0.000285136
-0.000223186     0.015802  -0.00509169    0.0300011      0.13707
   0.0517664  -0.00509169      2.41687  -0.00616146    -0.057306
-0.000332579    0.0300011  -0.00616146      0.11083     0.774049
 0.000285136      0.13707    -0.057306     0.774049      8.31376
x =
 7.58261
0.874331
 5.81525
0.135416
0.218196
P =
  0.00842735 -0.000488527   0.00418972  -0.00205378  -0.00738185
-0.000488527    0.0214589    0.0275696    0.0428141     0.197077
  0.00418972    0.0275696     0.388733    0.0939921      0.62344
 -0.00205378    0.0428141    0.0939921      0.14309     0.929332
 -0.00738185     0.197077      0.62344     0.929332      9.06522
x =
  7.83287
 0.772934
  5.56258
-0.117347
-0.973798
P =
  0.00788597 -0.000388696    0.0493417   -0.0016926  -0.00681458
-0.000388696    0.0164367    0.0195264    0.0303892     0.137224
   0.0493417    0.0195264      2.41733    0.0392989     0.232981
  -0.0016926    0.0303892    0.0392989     0.106874     0.747184
 -0.00681458     0.137224     0.232981     0.747184      8.19289
x =
   8.10789
  0.785893
   5.35184
-0.0891361
 -0.661071
P =
 0.00869567 -0.00152837   0.0107843 -0.00418618  -0.0270295
-0.00152837   0.0244817  -0.0467803   0.0443872     0.20341
  0.0107843  -0.0467803    0.560251   -0.147857    -1.01256
-0.00418618   0.0443872   -0.147857    0.129121    0.849698
 -0.0270295     0.20341    -1.01256    0.849698     8.64528
x =
     8.31116
    0.819658
     5.01348
-0.000258321
   -0.102075
P =
  0.0079238  -0.0007528   0.0538796 -0.00206191   -0.012198
 -0.0007528   0.0163692  -0.0238807   0.0286595    0.128218
  0.0538796  -0.0238807     2.49439  -0.0649585   -0.403519
-0.00206191   0.0286595  -0.0649585    0.100985    0.728065
  -0.012198    0.128218   -0.403519    0.728065     8.15985
x =
 8.56608
 1.04067
 5.75072
0.423774
 1.94452
P =
 0.00874366 -0.00159151  0.00768788 -0.00424031  -0.0251938
-0.00159151   0.0246708  -0.0230335   0.0463217     0.21734
 0.00768788  -0.0230335    0.363392  -0.0665405   -0.428494
-0.00424031   0.0463217  -0.0665405    0.143072    0.945058
 -0.0251938     0.21734   -0.428494    0.945058     9.24273
x =
 8.79025
 1.08598
 5.60267
0.411227
 1.49772
P =
 0.00876825 -0.00243761   0.0503992  -0.0103091  -0.0604591
-0.00243761   0.0158529  0.00603898   0.0281986    0.123977
  0.0503992  0.00603898     2.42705  -0.0360776   -0.143562
 -0.0103091   0.0281986  -0.0360776     0.10925     0.76712
 -0.0604591    0.123977   -0.143562     0.76712     8.30641
x =
 9.13637
 1.13974
 5.84839
0.327413
0.801477
P =
 0.00924413 -0.00349932   -0.009121 -0.00973271  -0.0367844
-0.00349932   0.0258822   0.0800458   0.0454969    0.209227
  -0.009121   0.0800458    0.768044    0.220113      1.4546
-0.00973271   0.0454969    0.220113    0.132046     0.85536
 -0.0367844    0.209227      1.4546     0.85536     8.59977
x =
  9.35051
  1.10655
  5.17662
 0.157475
-0.173239
P =
 0.00800426 -0.00150268   0.0455012 -0.00479342  -0.0162359
-0.00150268    0.016788   0.0484182   0.0276692    0.124459
  0.0455012   0.0484182     2.53149   0.0863524    0.513413
-0.00479342   0.0276692   0.0863524   0.0961191    0.696778
 -0.0162359    0.124459    0.513413    0.696778     7.96781
x =
 9.65195
 1.25418
 5.81353
0.321352
0.671766
P =
 0.00888789 -0.00265846  0.00467362 -0.00665416  -0.0254771
-0.00265846   0.0268805   0.0177473    0.048443    0.229455
 0.00467362   0.0177473    0.336376   0.0308216    0.167313
-0.00665416    0.048443   0.0308216    0.143768    0.947275
 -0.0254771    0.229455    0.167313    0.947275     9.25583
x =
 9.94654
  1.4067
 6.22029
0.439244
 1.03249
P =
 0.00841377 -0.00187584   0.0483932 -0.00695293  -0.0340821
-0.00187584   0.0166392     0.01885   0.0284334    0.127919
  0.0483932     0.01885     2.39269 -0.00183726 -0.00845259
-0.00695293   0.0284334 -0.00183726    0.105989    0.756417
 -0.0340821    0.127919 -0.00845259    0.756417     8.29647
x =
 10.2078
 1.58549
 5.94531
0.592457
 1.60592
P =
   0.009183 -0.00352102 -0.00792115 -0.00837569  -0.0274265
-0.00352102   0.0305017   0.0964584   0.0510615    0.238951
-0.00792115   0.0964584    0.919523    0.236782     1.54041
-0.00837569   0.0510615    0.236782    0.134226    0.865598
 -0.0274265    0.238951     1.54041    0.865598     8.62951
x =
 10.3852
 1.55157
 4.90492
0.392061
0.385156
P =
  0.0085616 -0.00236598   0.0387955  -0.0085508  -0.0402694
-0.00236598    0.016836    0.056756   0.0261532      0.1155
  0.0387955    0.056756     2.58322   0.0744225    0.486163
 -0.0085508   0.0261532   0.0744225   0.0937145    0.686886
 -0.0402694      0.1155    0.486163    0.686886     7.91921
x =
 10.6345
 1.65126
 5.14444
0.398416
 0.34323
P =
 0.00940991 -0.00405352 -0.00653192  -0.0108806  -0.0416044
-0.00405352   0.0280308   0.0659457   0.0492402    0.233752
-0.00653192   0.0659457    0.505951    0.170019     1.09435
 -0.0108806   0.0492402    0.170019    0.146272    0.956034
 -0.0416044    0.233752     1.09435    0.956034     9.25437
x =
  10.8286
  1.54156
  4.38241
0.0720213
 -1.21503
P =
 0.00810574 -0.00190034    0.042188 -0.00695479  -0.0278056
-0.00190034   0.0165273   0.0414363   0.0284691    0.127718
   0.042188   0.0414363     2.40748   0.0609105    0.352255
-0.00695479   0.0284691   0.0609105    0.112125    0.786759
 -0.0278056    0.127718    0.352255    0.786759     8.43363
x =
   11.1274
   1.52893
   5.56905
-0.0523169
  -1.45839
P =
 0.00917609 -0.00376162   0.0110182  -0.0105631  -0.0461092
-0.00376162   0.0265588  -0.0141075    0.052242    0.238491
  0.0110182  -0.0141075    0.344038  -0.0702174   -0.473906
 -0.0105631    0.052242  -0.0702174    0.173649     1.07852
 -0.0461092    0.238491   -0.473906     1.07852     9.80493
x =
  11.4444
  1.57865
  6.02323
 0.017211
-0.767977
P =
  0.00800582 -0.000947908    0.0510852  -0.00149372  0.000392436
-0.000947908    0.0170575  -0.00637685    0.0316247     0.138627
   0.0510852  -0.00637685      2.39643   -0.0313543    -0.224961
 -0.00149372    0.0316247   -0.0313543     0.120237     0.807894
 0.000392436     0.138627    -0.224961     0.807894      8.48459
x =
   11.6775
   1.56684
   5.58581
-0.0396675
   -0.8635
P =
  0.0090018 -0.00333687    0.012078 -0.00701138  -0.0352922
-0.00333687   0.0353203  -0.0482278   0.0648536    0.297113
   0.012078  -0.0482278     0.63205   -0.131384   -0.807606
-0.00701138   0.0648536   -0.131384    0.172251     1.04717
 -0.0352922    0.297113   -0.807606     1.04717     9.59527
x =
 11.8621
 1.70958
   5.082
0.196786
0.332001
P =
  0.00845635 -0.000883312    0.0563782  -0.00143011  -0.00566392
-0.000883312    0.0177967   -0.0153834    0.0302239     0.129543
   0.0563782   -0.0153834      2.57862   -0.0425604    -0.255811
 -0.00143011    0.0302239   -0.0425604     0.104503     0.735371
 -0.00566392     0.129543    -0.255811     0.735371      8.21244
x =
12.1223
1.84671
5.73618
0.36789
1.02493
P =
 0.00922952  -0.0022812  0.00489515 -0.00531464  -0.0254113
 -0.0022812   0.0315622   0.0144611   0.0576779    0.263558
 0.00489515   0.0144611    0.375978   0.0426857    0.285439
-0.00531464   0.0576779   0.0426857    0.164557      1.0381
 -0.0254113    0.263558    0.285439      1.0381     9.70002
x =
 12.3579
 1.82554
 5.52608
0.217606
0.168663
P =
  0.0087042 -0.00187681   0.0470984 -0.00730346  -0.0398303
-0.00187681   0.0171223   0.0187339   0.0293256    0.126503
  0.0470984   0.0187339     2.43552  0.00893035    0.103957
-0.00730346   0.0293256  0.00893035    0.110697    0.777421
 -0.0398303    0.126503    0.103957    0.777421     8.43747
x =
   12.6171
   1.86112
   5.80264
  0.182965
-0.0357112
P =
 0.00978852 -0.00463596  0.00245582  -0.0119565  -0.0556397
-0.00463596   0.0339015   0.0290863   0.0620976    0.288777
 0.00245582   0.0290863    0.450885   0.0659568    0.402422
 -0.0119565   0.0620976   0.0659568    0.173802     1.08188
 -0.0556397    0.288777    0.402422     1.08188     9.87456
x =
 12.7452
  2.1379
 5.39252
0.589542
 1.72904
P =
 0.00859562 -0.00157405   0.0512658 -0.00475475  -0.0193017
-0.00157405   0.0176769   0.0188642   0.0298201    0.130177
  0.0512658   0.0188642     2.47514   0.0182463    0.101409
-0.00475475   0.0298201   0.0182463    0.108039    0.760156
 -0.0193017    0.130177    0.101409    0.760156     8.32596
x =
 13.0217
 2.35269
 6.67076
0.695488
 1.67914
P =
  0.0090837 -0.00280227 -0.00865787  -0.0064108  -0.0138878
-0.00280227   0.0322089    0.135484   0.0532413    0.235719
-0.00865787    0.135484     1.28575    0.338032     2.10979
 -0.0064108   0.0532413    0.338032    0.140152    0.870425
 -0.0138878    0.235719     2.10979    0.870425     8.54659
x =
 13.195
2.46215
5.97488
0.65527
1.19059
P =
 0.00880249 -0.00258729   0.0298835  -0.0092264  -0.0456801
-0.00258729   0.0172013   0.0694894   0.0254696    0.108629
  0.0298835   0.0694894     2.62312     0.10245    0.653047
 -0.0092264   0.0254696     0.10245   0.0897989    0.659855
 -0.0456801    0.108629    0.653047    0.659855     7.78577
x =
 13.3173
 2.76925
 6.43093
0.943185
  2.1726
P =
 0.00967487 -0.00563574  -0.0296363  -0.0118904  -0.0386673
-0.00563574   0.0351606    0.168085   0.0527654    0.246456
 -0.0296363    0.168085     1.50052    0.369168     2.36861
 -0.0118904   0.0527654    0.369168    0.125053    0.806341
 -0.0386673    0.246456     2.36861    0.806341     8.24306
x =
  13.6797
  2.67145
  5.23152
 0.445024
-0.571754
P =
  0.0092577 -0.00363237   0.0126551  -0.0126124  -0.0635308
-0.00363237   0.0165007   0.0788341   0.0221256   0.0940091
  0.0126551   0.0788341     2.60319    0.114245    0.750699
 -0.0126124   0.0221256    0.114245   0.0848452    0.644352
 -0.0635308   0.0940091    0.750699    0.644352     7.70616
x =
  13.8985
  2.77923
   5.3459
 0.414144
-0.598706
P =
  0.0106585 -0.00727487  -0.0144437  -0.0182469  -0.0795631
-0.00727487   0.0305717   0.0628299   0.0514889    0.252644
 -0.0144437   0.0628299    0.455703    0.161166     1.04529
 -0.0182469   0.0514889    0.161166     0.14901    0.983022
 -0.0795631    0.252644     1.04529    0.983022     9.43547
x =
  14.1437
  2.91507
  5.62373
 0.422547
-0.395849
P =
 0.00823486 -0.00267816   0.0404037 -0.00859609  -0.0328092
-0.00267816   0.0166746   0.0402243   0.0273706    0.125308
  0.0404037   0.0402243     2.39112   0.0600425    0.332049
-0.00859609   0.0273706   0.0600425    0.109292    0.775368
 -0.0328092    0.125308    0.332049    0.775368     8.36282
x =
  14.4123
  2.99167
  5.79381
 0.330155
-0.736831
P =
 0.00990151 -0.00670452 -0.00846254  -0.0156567  -0.0623336
-0.00670452   0.0354305   0.0720221   0.0641088    0.305471
-0.00846254   0.0720221    0.626744     0.17336     1.04433
 -0.0156567   0.0641088     0.17336    0.177295      1.0914
 -0.0623336    0.305471     1.04433      1.0914     9.80909
x =
 14.5981
 2.96215
 5.08883
0.120352
-1.55544
P =
 0.00838949 -0.00212745    0.049202 -0.00594374  -0.0193991
-0.00212745   0.0176977   0.0374056   0.0292772    0.128823
   0.049202   0.0374056     2.50453    0.044404    0.230414
-0.00594374   0.0292772    0.044404    0.106711    0.742905
 -0.0193991    0.128823    0.230414    0.742905     8.15933
x =
    14.827
   3.15728
    5.4853
   0.35891
-0.0920595
P =
0.00996869 -0.0057593  0.0150594 -0.0134408  -0.061448
-0.0057593  0.0333738  -0.028222  0.0607838   0.276761
 0.0150594  -0.028222   0.427173  -0.103221   -0.67561
-0.0134408  0.0607838  -0.103221   0.173409    1.06606
 -0.061448   0.276761   -0.67561    1.06606     9.7266
x =
 15.0103
 3.44238
 5.46558
0.710089
 1.41843
P =
 0.00909309 -0.00285141   0.0545718  -0.0100823  -0.0499386
-0.00285141   0.0168107  0.00461373   0.0285034    0.120194
  0.0545718  0.00461373     2.44542  -0.0537988    -0.29237
 -0.0100823   0.0285034  -0.0537988     0.11336    0.782315
 -0.0499386    0.120194    -0.29237    0.782315     8.42383
x =
 15.2297
 3.68151
  6.1242
0.847844
  1.6736
P =
 0.00980976 -0.00525748  -0.0244649  -0.0119816  -0.0366357
-0.00525748   0.0311615    0.141093   0.0499663     0.21425
 -0.0244649    0.141093      1.4286    0.351567     2.18401
 -0.0119816   0.0499663    0.351567    0.133116    0.815502
 -0.0366357     0.21425     2.18401    0.815502     8.20549
x =
  15.456
 3.83165
 5.97311
0.776731
0.996897
P =
 0.00905775 -0.00332229   0.0213211  -0.0117463   -0.054751
-0.00332229   0.0164127   0.0769312   0.0236755   0.0979187
  0.0213211   0.0769312     2.66962    0.117719    0.754243
 -0.0117463   0.0236755    0.117719   0.0921788    0.671687
  -0.054751   0.0979187    0.754243    0.671687      7.8738
x =
 15.6792
 3.93712
 5.64809
0.654804
0.146409
P =
  0.0105453 -0.00811516  -0.0496723  -0.0163691  -0.0547477
-0.00811516   0.0363529    0.193686   0.0540383    0.251138
 -0.0496723    0.193686     1.82751    0.424683     2.66813
 -0.0163691   0.0540383    0.424683    0.127182    0.801993
 -0.0547477    0.251138     2.66813    0.801993     8.14833
x =
  15.9203
  4.01401
  5.36789
 0.507351
-0.495683
P =
 0.00796194 -0.00255251   0.0284489 -0.00702461   -0.022509
-0.00255251    0.017444   0.0831867   0.0241203    0.106433
  0.0284489   0.0831867     2.69499    0.141606    0.839031
-0.00702461   0.0241203    0.141606    0.086262    0.647415
  -0.022509    0.106433    0.839031    0.647415      7.7191
x =
  16.1419
  4.14132
  5.05204
 0.491664
-0.396987
P =
0.00969009 -0.0064552 -0.0121939 -0.0145765 -0.0592075
-0.0064552  0.0343236  0.0805669  0.0570166   0.278571
-0.0121939  0.0805669   0.570526   0.187928    1.17881
-0.0145765  0.0570166   0.187928   0.155335    1.00846
-0.0592075   0.278571    1.17881    1.00846    9.54179
x =
 16.3147
 4.39876
  5.4184
0.706799
0.652998
P =
 0.00813137 -0.00246272   0.0412228 -0.00838938  -0.0345379
-0.00246272   0.0169283   0.0448951   0.0275979    0.123418
  0.0412228   0.0448951     2.42436    0.057636    0.327768
-0.00838938   0.0275979    0.057636    0.112826    0.792363
 -0.0345379    0.123418    0.327768    0.792363     8.46032
x =
  16.542
 4.55382
 5.68492
0.674645
 0.33864
P =
 0.00970622 -0.00665015  -0.0292846  -0.0154763  -0.0558086
-0.00665015   0.0354844    0.151276   0.0603254    0.275795
 -0.0292846    0.151276     1.35038    0.369572     2.21218
 -0.0154763   0.0603254    0.369572    0.161958    0.975747
 -0.0558086    0.275795     2.21218    0.975747      9.0148
x =
 16.6877
 4.70243
 5.32919
 0.67895
0.279358
P =
 0.00845773 -0.00290502   0.0325675 -0.00987533  -0.0409956
-0.00290502   0.0172404   0.0712294    0.026534    0.112893
  0.0325675   0.0712294     2.63206    0.107479    0.627015
-0.00987533    0.026534    0.107479    0.101235    0.709376
 -0.0409956    0.112893    0.627015    0.709376     7.98289
x =
 16.8568
 4.89068
 5.01801
0.768453
0.702002
P =
  0.0104193 -0.00791027  -0.0321704  -0.0182424  -0.0698943
-0.00791027   0.0365675    0.140675   0.0613472    0.282968
 -0.0321704    0.140675     1.08595    0.333732     2.01268
 -0.0182424   0.0613472    0.333732    0.161665     0.98831
 -0.0698943    0.282968     2.01268     0.98831     9.21716
x =
 16.9779
  5.1738
 5.45876
0.979182
  1.4431
P =
0.00864693 -0.0032933  0.0264082  -0.011942 -0.0515738
-0.0032933  0.0167266  0.0678378  0.0259923   0.109624
 0.0264082  0.0678378    2.52623   0.101482   0.607472
 -0.011942  0.0259923   0.101482   0.108084   0.756793
-0.0515738   0.109624   0.607472   0.756793    8.29827
x =
 17.1692
 5.29285
 5.29806
0.825447
0.324958
P =
 0.00998225 -0.00767751  -0.0587467   -0.015024  -0.0388938
-0.00767751   0.0345441    0.224547   0.0490195    0.207751
 -0.0587467    0.224547     2.54429    0.485311     2.89045
  -0.015024   0.0490195    0.485311    0.115992    0.693024
 -0.0388938    0.207751     2.89045    0.693024     7.31943
x =
  17.312
 5.45165
 5.02732
0.793809
0.116971
P =
 0.00779486 -0.00264795   0.0196853 -0.00774104   -0.024334
-0.00264795   0.0171712   0.0994322   0.0224227    0.093388
  0.0196853   0.0994322     2.87295    0.169518    0.990841
-0.00774104   0.0224227    0.169518   0.0840166    0.622518
  -0.024334    0.093388    0.990841    0.622518     7.55904
x =
 17.4956
 5.52112
 4.62198
0.626284
-0.72502
P =
 0.00972698 -0.00732893  -0.0358491  -0.0163624  -0.0612331
-0.00732893   0.0346681    0.148165   0.0549323    0.264136
 -0.0358491    0.148165      1.1994    0.357083     2.24588
 -0.0163624   0.0549323    0.357083    0.146603      0.9352
 -0.0612331    0.264136     2.24588      0.9352     9.00769
x =
 17.7025
 5.61868
 4.70061
0.506723
-1.05164
P =
  0.0075723 -0.00241026   0.0308445 -0.00796626   -0.027945
-0.00241026   0.0169308    0.070698   0.0265621    0.117631
  0.0308445    0.070698     2.55193    0.132534    0.754031
-0.00796626   0.0265621    0.132534    0.110082    0.770272
  -0.027945    0.117631    0.754031    0.770272     8.32531
x =
  17.8812
  5.75667
   4.4734
 0.520035
-0.723831
P =
 0.00993548 -0.00719886 -0.00765583  -0.0193338  -0.0831318
-0.00719886    0.033031   0.0553522   0.0624185    0.290386
-0.00765583   0.0553522    0.462694    0.135148    0.772159
 -0.0193338   0.0624185    0.135148     0.19408     1.17318
 -0.0831318    0.290386    0.772159     1.17318     10.2495
x =
 18.0381
 6.07618
  5.1573
0.858995
0.861361
P =
 0.00848121 -0.00288906   0.0435007  -0.0117716  -0.0497772
-0.00288906   0.0164728   0.0384822   0.0298991    0.126347
  0.0435007   0.0384822     2.41731   0.0346252    0.184291
 -0.0117716   0.0298991   0.0346252    0.136178    0.887174
 -0.0497772    0.126347    0.184291    0.887174     8.88734
x =
 18.1911
 6.31659
 5.64686
0.973239
 1.13041
P =
  0.0104145 -0.00790912  -0.0454943   -0.019417    -0.06546
-0.00790912   0.0343028    0.175132    0.059753    0.252585
 -0.0454943    0.175132     1.74816    0.442906     2.50216
  -0.019417    0.059753    0.442906     0.16694    0.945537
   -0.06546    0.252585     2.50216    0.945537     8.71141
x =
18.2473
6.64412
6.04128
1.21871
1.89504
P =
 0.00949498 -0.00399843   0.0132075  -0.0151879  -0.0657406
-0.00399843   0.0162451   0.0840385   0.0240497   0.0941008
  0.0132075   0.0840385     2.71196    0.126393    0.749713
 -0.0151879   0.0240497    0.126393    0.102821    0.707324
 -0.0657406   0.0941008    0.749713    0.707324     8.02888
x =
18.3754
6.91573
6.48079
1.19686
1.16725
P =
   0.010609 -0.00872857  -0.0863671  -0.0126401 -0.00813881
-0.00872857   0.0334441     0.27307   0.0355045    0.125002
 -0.0863671     0.27307     3.79864    0.462192     2.68711
 -0.0126401   0.0355045    0.462192   0.0663269    0.384719
-0.00813881    0.125002     2.68711    0.384719     5.49631
x =
  18.5632
  6.86542
  4.06595
 0.918147
-0.113297
P =
 0.00828967 -0.00373634  -0.0122776 -0.00846653  -0.0276702
-0.00373634   0.0165915    0.116921   0.0150387   0.0579858
 -0.0122776    0.116921     3.10755    0.168137     1.07146
-0.00846653   0.0150387    0.168137   0.0543925    0.470575
 -0.0276702   0.0579858     1.07146    0.470575     6.82785
x =
  18.7113
  7.08774
  5.16042
 0.909986
-0.243475
P =
 0.00988798 -0.00700912  -0.0338999  -0.0155193  -0.0641457
-0.00700912    0.027047   0.0969401   0.0375771    0.200021
 -0.0338999   0.0969401    0.820678    0.268618     1.94248
 -0.0155193   0.0375771    0.268618    0.114099    0.830072
 -0.0641457    0.200021     1.94248    0.830072     8.74783
x =
 18.9742
 7.16725
 5.02503
0.619662
-1.56846
P =
 0.00841465 -0.00371788   0.0118529   -0.013638  -0.0645295
-0.00371788   0.0150864   0.0656055    0.021891    0.105574
  0.0118529   0.0656055     2.45386    0.129624    0.805891
  -0.013638    0.021891    0.129624    0.106158    0.775346
 -0.0645295    0.105574    0.805891    0.775346     8.36516
x =
 19.0757
 7.29545
 4.17536
0.633147
-1.12213
P =
 0.0122705 -0.0105773 -0.0189803 -0.0290798  -0.134309
-0.0105773  0.0313613  0.0580854  0.0601169   0.297713
-0.0189803  0.0580854   0.493117   0.162649   0.979241
-0.0290798  0.0601169   0.162649   0.192631     1.1847
 -0.134309   0.297713   0.979241     1.1847    10.2866
x =
19.0605
7.76298
4.76106
1.30301
2.02203
P =
 0.00898045 -0.00377481    0.037262  -0.0151572  -0.0623646
-0.00377481   0.0156582   0.0451978   0.0285586    0.125156
   0.037262   0.0451978     2.43125   0.0562638    0.294065
 -0.0151572   0.0285586   0.0562638    0.135456    0.877639
 -0.0623646    0.125156    0.294065    0.877639     8.73704
x =
 19.2059
 7.93251
 5.34877
 1.07753
0.250176
P =
 0.00941511 -0.00653108  -0.0646607  -0.0116575 -0.00759939
-0.00653108     0.02754    0.227884   0.0339177    0.116138
 -0.0646607    0.227884     3.43182    0.465438     2.57124
 -0.0116575   0.0339177    0.465438   0.0808073    0.444737
-0.00759939    0.116138     2.57124    0.444737     5.78059
x =
 19.2488
 8.16055
 5.10692
 1.11888
0.291692
P =
  0.0076736 -0.00282925  0.00398733 -0.00803175  -0.0214974
-0.00282925   0.0164146    0.119524    0.017882   0.0679867
 0.00398733    0.119524      3.1373    0.180374     1.03316
-0.00803175    0.017882    0.180374   0.0688176     0.52599
 -0.0214974   0.0679867     1.03316     0.52599      7.0623
x =
  19.3337
  8.36535
  5.31622
  1.08744
-0.116618
P =
  0.0104535 -0.00928571  -0.0716569  -0.0180028  -0.0635148
-0.00928571   0.0344922     0.20836   0.0470737    0.229806
 -0.0716569     0.20836      2.1878    0.457033     2.95542
 -0.0180028   0.0470737    0.457033    0.111996    0.728145
 -0.0635148    0.229806     2.95542    0.728145     7.74051
x =
 19.4469
 8.40143
 4.14515
0.864648
-1.08605
P =
 0.00839327 -0.00395037  -0.0037047  -0.0122985  -0.0525194
-0.00395037   0.0162156   0.0928236   0.0203885    0.090432
 -0.0037047   0.0928236     2.73548    0.169582     1.03586
 -0.0122985   0.0203885    0.169582   0.0851579    0.641734
 -0.0525194    0.090432     1.03586    0.641734     7.66021
x =
 19.5776
 8.53528
 4.03906
0.780232
-1.22205
P =
  0.0114555 -0.00927596  -0.0374171  -0.0247753   -0.109177
-0.00927596   0.0289353   0.0900249   0.0496277    0.243592
 -0.0374171   0.0900249     0.65018    0.263312     1.66977
 -0.0247753   0.0496277    0.263312    0.160935      1.0326
  -0.109177    0.243592     1.66977      1.0326      9.6069
x =
  19.7773
  8.76926
  4.90881
 0.775438
-0.909077
P =
 0.00844241 -0.00369153   0.0211721  -0.0148377  -0.0613908
-0.00369153   0.0152567   0.0591731   0.0260717    0.115986
  0.0211721   0.0591731     2.41014    0.113056    0.633315
 -0.0148377   0.0260717    0.113056    0.130811    0.873372
 -0.0613908    0.115986    0.633315    0.873372     8.80708
x =
  19.8733
  8.96217
  4.27346
 0.883464
-0.142093
P =
 0.0132219 -0.0121087 -0.0406363 -0.0338681   -0.14263
-0.0121087  0.0339725   0.104755  0.0683696   0.313747
-0.0406363   0.104755    0.83463   0.299242    1.69013
-0.0338681  0.0683696   0.299242   0.218357    1.24876
  -0.14263   0.313747    1.69013    1.24876    10.3999
x =
  19.989
 9.31685
 5.41433
 1.14537
0.955278
P =
 0.00978005 -0.00436304    0.023328  -0.0188935  -0.0771383
-0.00436304   0.0154729   0.0622139   0.0273351    0.111543
   0.023328   0.0622139     2.51045   0.0869287    0.478872
 -0.0188935   0.0273351   0.0869287    0.135816    0.866641
 -0.0771383    0.111543    0.478872    0.866641     8.73866
x =
20.0167
9.56575
5.31081
1.31512
 1.4625
P =
 0.0130636 -0.0116669  -0.098621 -0.0248697 -0.0700026
-0.0116669   0.033297   0.228795  0.0507001   0.201981
 -0.098621   0.228795    2.71969   0.530369    2.92635
-0.0248697  0.0507001   0.530369    0.12867   0.709764
-0.0700026   0.201981    2.92635   0.709764    7.34283
x =
20.0731
9.85133
5.63987
1.38482
1.43527
P =
  0.0102744 -0.00479558  -0.0206774  -0.0163563  -0.0636496
-0.00479558   0.0150872   0.0987331   0.0183362   0.0682005
 -0.0206774   0.0987331     2.87103    0.170936     1.01917
 -0.0163563   0.0183362    0.170936   0.0867709    0.631112
 -0.0636496   0.0682005     1.01917    0.631112     7.69227
x =
20.0679
10.2404
7.12778
1.49183
1.13664
P =
 0.0136348 -0.0126072  -0.136056 -0.0181408 -0.0302058
-0.0126072  0.0327018   0.276873  0.0346856      0.136
 -0.136056   0.276873    4.04038   0.486177    2.86752
-0.0181408  0.0346856   0.486177  0.0659929   0.389003
-0.0302058      0.136    2.86752   0.389003     5.4259
x =
  20.134
 10.4819
 6.36604
 1.42959
0.679224
P =
  0.0102709 -0.00531383  -0.0464243  -0.0120485  -0.0465806
-0.00531383   0.0147928    0.107235   0.0121807    0.046511
 -0.0464243    0.107235     3.10708    0.172763     1.11523
 -0.0120485   0.0121807    0.172763   0.0518047    0.455296
 -0.0465806    0.046511     1.11523    0.455296     6.67306
x =
20.1011
10.7891
 6.3222
1.54707
1.11109
P =
 0.0154648 -0.0147854    -0.1566 -0.0186757 -0.0521975
-0.0147854  0.0327423   0.274925  0.0313815    0.15233
   -0.1566   0.274925    4.08274   0.447005    2.98744
-0.0186757  0.0313815   0.447005  0.0543505   0.363501
-0.0521975    0.15233    2.98744   0.363501    5.06419
x =
 20.2259
  10.967
 5.29258
 1.41909
0.357814
P =
0.00996227 -0.0055345   -0.04849 -0.0106742 -0.0424671
-0.0055345  0.0145329   0.106824  0.0117104   0.052905
  -0.04849   0.106824    3.16867   0.173888    1.15997
-0.0106742  0.0117104   0.173888  0.0468583   0.423795
-0.0424671   0.052905    1.15997   0.423795    6.24097
x =
 20.1926
 11.3198
 6.25053
  1.5344
0.742798
P =
  0.014964 -0.0142792   -0.13786 -0.0210888 -0.0855634
-0.0142792  0.0308278   0.235901  0.0343673   0.189081
  -0.13786   0.235901    3.26847    0.45673    3.20576
-0.0210888  0.0343673    0.45673  0.0710503   0.499846
-0.0855634   0.189081    3.20576   0.499846    6.01057
x =
  20.3067
  11.4154
  4.79488
  1.32842
-0.392379
P =
   0.010514 -0.00563296  -0.0463732  -0.0138547  -0.0647914
-0.00563296   0.0138547   0.0969023   0.0128964   0.0601651
 -0.0463732   0.0969023     2.99018    0.179359     1.16192
 -0.0138547   0.0128964    0.179359   0.0586569    0.488535
 -0.0647914   0.0601651     1.16192    0.488535      6.5414
x =
 20.2305
 11.6657
 4.49745
 1.52504
0.817584
P =
 0.0159304 -0.0141364  -0.123948 -0.0274347  -0.122435
-0.0141364  0.0282426   0.183724  0.0387768   0.210884
 -0.123948   0.183724    2.26011   0.448451    3.02832
-0.0274347  0.0387768   0.448451   0.100898   0.684108
 -0.122435   0.210884    3.02832   0.684108    7.28876
x =
  20.3858
  11.8178
  4.03747
  1.30148
-0.367268
P =
  0.0106561 -0.00540002   -0.039884  -0.0173034  -0.0778237
-0.00540002   0.0131841   0.0861901    0.015473   0.0711066
  -0.039884   0.0861901     2.78634     0.18583     1.14306
 -0.0173034    0.015473     0.18583   0.0840257    0.627783
 -0.0778237   0.0711066     1.14306    0.627783     7.36977
x =
  20.4005
   12.023
  4.65369
  1.29644
-0.506599
P =
 0.0160447 -0.0135251  -0.115753 -0.0328312  -0.139299
-0.0135251   0.026429   0.162195  0.0436983    0.22021
 -0.115753   0.162195    1.90877   0.475557      2.944
-0.0328312  0.0436983   0.475557   0.138143   0.859955
 -0.139299    0.22021      2.944   0.859955    8.27022
x =
 20.3222
 12.4173
 5.77613
 1.58623
0.872875
P =
  0.0106612 -0.00525363  -0.0252393  -0.0190087  -0.0790352
-0.00525363   0.0135526   0.0853643   0.0190301   0.0850334
 -0.0252393   0.0853643     2.69555    0.181359     1.02249
 -0.0190087   0.0190301    0.181359    0.101681    0.704211
 -0.0790352   0.0850334     1.02249    0.704211     7.81219
x =
20.2597
12.6714
5.63642
1.69377
1.13713
P =
 0.0146628 -0.0126938  -0.157085 -0.0171591 -0.0156201
-0.0126938  0.0273789   0.259803  0.0265256  0.0914918
 -0.157085   0.259803    4.40325   0.435105    2.34887
-0.0171591  0.0265256   0.435105  0.0496516   0.267714
-0.0156201  0.0914918    2.34887   0.267714    4.57755
x =
  20.341
 12.8352
 4.60226
 1.59014
0.649132
P =
  0.0100387 -0.00551464  -0.0602116  -0.0103879  -0.0306448
-0.00551464   0.0138425    0.111987   0.0102866   0.0376821
 -0.0602116    0.111987     3.27097    0.170466     1.05813
 -0.0103879   0.0102866    0.170466   0.0449816    0.404617
 -0.0306448   0.0376821     1.05813    0.404617     6.32982
x =
 20.3726
  13.005
 4.21477
 1.52925
0.129451
P =
 0.0158911 -0.0146972  -0.155814 -0.0209171 -0.0788622
-0.0146972   0.028848   0.238822  0.0304453   0.163433
 -0.155814   0.238822    3.65589   0.451015    3.14032
-0.0209171  0.0304453   0.451015  0.0632576   0.442893
-0.0788622   0.163433    3.14032   0.442893    5.69027
x =
 20.2984
 13.2205
  4.3212
 1.58907
0.306028
P =
  0.0091552 -0.00530764  -0.0411345  -0.0108053  -0.0410413
-0.00530764   0.0143611    0.109178   0.0138144    0.067728
 -0.0411345    0.109178      3.1646     0.19752     1.26333
 -0.0108053   0.0138144     0.19752   0.0600087    0.497876
 -0.0410413    0.067728     1.26333    0.497876     6.64205
x =
  20.2621
  13.4374
  4.65011
  1.59663
0.0921252
P =
 0.0148125 -0.0143471  -0.149277 -0.0229663 -0.0905746
-0.0143471  0.0296765   0.244475   0.035567   0.182579
 -0.149277   0.244475    3.57737   0.505113    3.27153
-0.0229663   0.035567   0.505113  0.0808379    0.52578
-0.0905746   0.182579    3.27153    0.52578    6.08767
x =
 20.2125
 13.7773
 5.51414
 1.68718
0.490455
P =
 0.00982431 -0.00552967  -0.0489881  -0.0139896  -0.0594394
-0.00552967   0.0139709    0.103633   0.0140989   0.0630994
 -0.0489881    0.103633     3.08344    0.201776     1.22239
 -0.0139896   0.0140989    0.201776    0.067882    0.526778
 -0.0594394   0.0630994     1.22239    0.526778     6.76313
x =
 20.1626
 13.9971
 5.05541
 1.74077
0.770019
P =
 0.0162228 -0.0151201  -0.187225 -0.0190104 -0.0425603
-0.0151201   0.028839   0.274542  0.0265155   0.108493
 -0.187225   0.274542    4.67423   0.439757    2.55975
-0.0190104  0.0265155   0.439757  0.0474183   0.277352
-0.0425603   0.108493    2.55975   0.277352    4.44238
x =
 20.0782
 14.2888
 5.48248
 1.81175
0.910036
P =
 0.00998514 -0.00584111  -0.0649022  -0.0103446  -0.0348769
-0.00584111   0.0137356     0.11027  0.00990051   0.0399581
 -0.0649022     0.11027     3.31552    0.171229     1.06976
 -0.0103446  0.00990051    0.171229   0.0431878    0.389717
 -0.0348769   0.0399581     1.06976    0.389717     6.07142
x =
 19.9871
 14.5334
 5.56902
 1.83222
0.564852
P =
 0.0169692 -0.0157523  -0.196275 -0.0143799 -0.0216245
-0.0157523  0.0282444   0.279939  0.0193133  0.0783005
 -0.196275   0.279939    5.08399    0.34137    2.10299
-0.0143799  0.0193133    0.34137  0.0277878   0.174682
-0.0216245  0.0783005    2.10299   0.174682    3.62487
x =
 19.8494
 14.8106
 5.82548
 1.89408
0.667764
P =
